['/home/lizhuoqun/SE_type_code', '/home/lizhuoqun/anconda/envs/py38/lib/python38.zip', '/home/lizhuoqun/anconda/envs/py38/lib/python3.8', '/home/lizhuoqun/anconda/envs/py38/lib/python3.8/lib-dynload', '/home/lizhuoqun/anconda/envs/py38/lib/python3.8/site-packages', '/home/lizhuoqun/SE_type_code/data', '/home/lizhuoqun/SE_type_code/tools', '/home/lizhuoqun/SE_type_code/models', '/home/lizhuoqun/SE_type_code/pre_train']
sentence level BiLSTM
paragraph level BiLSTM
Namespace(BATCH_SIZE=128, DROPOUT=0.5, EPOCHs=30, EX_LOSS=0, FREEZE=0, IF_USE_EX_INITIAL_1=1, IF_USE_EX_INITIAL_2=0, LEARN_RATE=0.001, METHOD=0)


time= 1230
use 343 from author
Loading Data...
len(test_X):  981
len(train_X):  3803
MyModel

epoch 0/30
ex_result
Accuracy:  0.7393221620259544
Confusion Metric: 
 [[2710  250    7  458   75   12   32]
 [ 165 1420   31   60   41    5   11]
 [  20   48  254    1    0    0    0]
 [ 362  108    3 1051   41    1   12]
 [  87   74    2   77   67    1    8]
 [  17    1    1    5    3  174    6]
 [  17    7    1   16    3    0  192]]
Macro Precision/Recall/F-score:  (0.7077956913888278, 0.7003765772657979, 0.7021942480657437, None)
Accuracy:  0.7674184200579564
Confusion Metric: 
 [[3115  259    2  134    2   11   21]
 [ 209 1481   21   14    1    4    3]
 [  18   54  250    0    0    1    0]
 [ 591   76    2  903    1    2    3]
 [ 157   93    1   54    4    1    6]
 [  24    1    1    2    0  176    3]
 [  38    7    0   29    0    0  162]]
Macro Precision/Recall/F-score:  (0.7742576344838378, 0.6613021950033333, 0.6792594697633668, None)

epoch 1/30
ex_result
Accuracy:  0.7422199823610937
Confusion Metric: 
 [[2674  243   11  460  114   13   29]
 [ 161 1406   37   54   59    5   11]
 [  15   38  269    1    0    0    0]
 [ 338  103    3 1062   61    2    9]
 [  69   71    3   60  104    1    8]
 [  14    1    1    3    1  181    6]
 [  13    6    1   19    2    0  195]]
Macro Precision/Recall/F-score:  (0.7130862058420863, 0.7287752750668687, 0.7202427864930021, None)
Accuracy:  0.7830414514300114
Confusion Metric: 
 [[2817  247    9  376   55   14   26]
 [ 168 1472   24   36   20    5    8]
 [  13   41  268    0    0    1    0]
 [ 267   63    1 1223   17    2    5]
 [ 102   75    2   61   69    1    6]
 [  13    1    0    2    0  187    4]
 [  20    4    0   32    1    0  179]]
Macro Precision/Recall/F-score:  (0.756007158979666, 0.7327460530203344, 0.7389214377234808, None)

epoch 2/30
ex_result
Accuracy:  0.7482676074083406
Confusion Metric: 
 [[2877  211    8  342   76    8   22]
 [ 196 1390   30   55   51    4    7]
 [  18   40  264    1    0    0    0]
 [ 449   98    3  962   58    1    7]
 [ 103   64    3   55   86    1    4]
 [  21    1    1    2    1  176    5]
 [  19    8    1   19    4    1  184]]
Macro Precision/Recall/F-score:  (0.7294782560806887, 0.7061280391380734, 0.7170317372302509, None)
Accuracy:  0.7903489983621016
Confusion Metric: 
 [[3014  201    4  258   31   13   23]
 [ 219 1428   20   41   15    5    5]
 [  16   46  260    0    0    1    0]
 [ 364   47    1 1139   21    2    4]
 [ 138   65    1   46   64    1    1]
 [  12    1    0    2    0  189    3]
 [  26    5    0   26    0    0  179]]
Macro Precision/Recall/F-score:  (0.7815901784843542, 0.7250370129326787, 0.7439353177420542, None)

epoch 3/30
ex_result
Accuracy:  0.7499055058586368
Confusion Metric: 
 [[2752  240   11  457   51   10   23]
 [ 173 1433   30   55   28    4   10]
 [  19   42  261    1    0    0    0]
 [ 358  108    3 1067   33    2    7]
 [  92   81    2   70   65    1    5]
 [  15    1    1    6    1  177    6]
 [  15    9    1   13    1    0  197]]
Macro Precision/Recall/F-score:  (0.7294645406029503, 0.7118785461761524, 0.7169126200379489, None)
Accuracy:  0.7827894670530428
Confusion Metric: 
 [[2794  246    7  430   34    9   24]
 [ 175 1469   22   42   12    5    8]
 [  14   47  261    1    0    0    0]
 [ 239   57    1 1265   10    2    4]
 [ 113   74    1   77   47    1    3]
 [  14    1    0    2    0  186    4]
 [  15    6    1   23    0    0  191]]
Macro Precision/Recall/F-score:  (0.7672582699514592, 0.7289059795093408, 0.7356633561906829, None)

epoch 4/30
ex_result
Accuracy:  0.7505354668010583
Confusion Metric: 
 [[2775  255    8  393   70   18   25]
 [ 158 1440   26   52   45    4    8]
 [  15   41  266    1    0    0    0]
 [ 395  118    4  997   53    2    9]
 [  78   72    2   59   96    1    8]
 [  12    1    0    4    0  184    6]
 [  16    6    1   12    2    0  199]]
Macro Precision/Recall/F-score:  (0.7277784296638702, 0.7293130139439148, 0.7275503414541374, None)
Accuracy:  0.7835454201839486
Confusion Metric: 
 [[2730  275    9  420   72   15   23]
 [ 129 1505   21   43   24    6    5]
 [  12   43  266    1    0    1    0]
 [ 239   60    1 1247   27    3    1]
 [  87   67    1   70   87    1    3]
 [   9    1    0    1    0  192    4]
 [  17    5    1   20    1    0  192]]
Macro Precision/Recall/F-score:  (0.7618952562893558, 0.7527049281940409, 0.7538939670562709, None)

epoch 5/30
ex_result
Accuracy:  0.7408340682877662
Confusion Metric: 
 [[2609  269    9  569   46   16   26]
 [ 130 1458   32   67   32    3   11]
 [  15   41  266    1    0    0    0]
 [ 299  130    4 1102   33    3    7]
 [  73   81    3   86   67    1    5]
 [  11    1    0    5    0  184    6]
 [  12    6    1   22    1    0  194]]
Macro Precision/Recall/F-score:  (0.7206342621303997, 0.7174741875250847, 0.7142456568670495, None)
Accuracy:  0.7715761622779388
Confusion Metric: 
 [[2675  307    3  493   23   12   31]
 [ 117 1542   18   35   10    5    6]
 [  12   48  262    1    0    0    0]
 [ 249   94    1 1215   11    3    5]
 [  86   91    1   88   40    1    9]
 [  10    2    0    2    0  189    4]
 [  13    5    0   17    0    0  201]]
Macro Precision/Recall/F-score:  (0.7601689567652569, 0.7310016424501157, 0.7283931304246575, None)

epoch 6/30
ex_result
Accuracy:  0.7526773340052917
Confusion Metric: 
 [[2858  168    7  432   49   10   20]
 [ 249 1325   22   89   38    3    7]
 [  17   36  268    2    0    0    0]
 [ 391   83    4 1062   29    2    7]
 [ 101   55    1   72   82    1    4]
 [  16    1    0    4    0  181    5]
 [  17    2    1   16    2    0  198]]
Macro Precision/Recall/F-score:  (0.7492517280905064, 0.720943077103436, 0.7323154951261047, None)
Accuracy:  0.7829154592415271
Confusion Metric: 
 [[2913  125    3  439   29    9   26]
 [ 273 1323   18   89   21    3    6]
 [  17   43  260    2    1    0    0]
 [ 250   24    1 1289   10    2    2]
 [ 123   40    2   97   49    1    4]
 [  13    1    0    3    0  186    4]
 [  19    1    0   22    0    0  194]]
Macro Precision/Recall/F-score:  (0.7756469569923576, 0.7261181275245538, 0.7388521189077819, None)

epoch 7/30
ex_result
Accuracy:  0.7502834824240897
Confusion Metric: 
 [[2744  226    8  480   54   10   22]
 [ 171 1418   26   74   30    4   10]
 [  16   42  264    1    0    0    0]
 [ 349  104    4 1075   37    2    7]
 [  85   70    2   72   82    1    4]
 [  18    1    1    3    0  179    5]
 [  16    5    0   19    3    0  193]]
Macro Precision/Recall/F-score:  (0.738355372464125, 0.7190149659948611, 0.7260079962265787, None)
Accuracy:  0.7882071311578682
Confusion Metric: 
 [[2863  209    4  391   40    7   30]
 [ 192 1441   18   52   17    6    7]
 [  13   53  256    1    0    0    0]
 [ 268   43    1 1241   18    3    4]
 [ 101   67    1   75   66    1    5]
 [  11    1    0    2    0  190    3]
 [  14    3    0   20    0    0  199]]
Macro Precision/Recall/F-score:  (0.7741596027181307, 0.7411877123555781, 0.7494196459831209, None)

epoch 8/30
ex_result
Accuracy:  0.7388181932720171
Confusion Metric: 
 [[2531  275    8  633   60   10   27]
 [ 120 1444   31   85   40    3   10]
 [  16   39  267    1    0    0    0]
 [ 265  102    4 1153   40    2   12]
 [  61   73    2   78   94    1    7]
 [  12    2    1    5    0  181    6]
 [  12    5    0   23    2    0  194]]
Macro Precision/Recall/F-score:  (0.7277270301398694, 0.7283710654169677, 0.7244497512364231, None)
Accuracy:  0.7714501700894545
Confusion Metric: 
 [[2595  271    3  594   44    4   33]
 [ 123 1490   18   74   19    3    6]
 [  10   55  255    2    1    0    0]
 [ 185   42    1 1329   16    2    3]
 [  74   69    1   95   72    1    4]
 [  11    2    0    2    0  188    4]
 [  12    3    0   27    0    0  194]]
Macro Precision/Recall/F-score:  (0.7706965763265902, 0.7402539672460985, 0.7451671928074942, None)

epoch 9/30
ex_result
Accuracy:  0.7293687791356935
Confusion Metric: 
 [[2509  210   10  726   59    9   21]
 [ 153 1364   41  115   48    3    9]
 [  14   36  272    1    0    0    0]
 [ 264   81    4 1181   39    2    7]
 [  71   56    3   92   86    1    7]
 [  12    1    1    5    0  183    5]
 [  12    5    0   23    2    0  194]]
Macro Precision/Recall/F-score:  (0.7239642697255154, 0.7233994707584659, 0.7197600624824013, None)
Accuracy:  0.7633866700264583
Confusion Metric: 
 [[2594  187    4  669   55    5   30]
 [ 174 1375   24  115   35    3    7]
 [  16   44  261    2    0    0    0]
 [ 167   23    1 1369   14    2    2]
 [  86   48    2  101   75    1    3]
 [   9    1    0    3    0  190    4]
 [  12    2    0   27    0    0  195]]
Macro Precision/Recall/F-score:  (0.7618305937981534, 0.7403505538751805, 0.7429929659436102, None)

epoch 10/30
ex_result
Accuracy:  0.7444878417538112
Confusion Metric: 
 [[2691  232   10  479   88   10   34]
 [ 161 1400   35   60   61    4   12]
 [  14   39  268    2    0    0    0]
 [ 346  110    4 1059   46    2   11]
 [  72   65    1   64  105    1    8]
 [  12    2    1    4    0  182    6]
 [  13    2    0   15    2    0  204]]
Macro Precision/Recall/F-score:  (0.7204893504168144, 0.7348422161524715, 0.7265706433056593, None)
Accuracy:  0.7824114904875897
Confusion Metric: 
 [[2727  267    3  414   93   13   27]
 [ 124 1491   20   43   44    4    7]
 [  12   52  255    1    3    0    0]
 [ 246   58    1 1233   35    2    3]
 [  86   58    1   55  111    1    4]
 [   7    2    0    2    0  192    4]
 [  15    4    0   15    1    0  201]]
Macro Precision/Recall/F-score:  (0.7627152553506121, 0.7615952517848115, 0.7604076222693382, None)

epoch 11/30
ex_result
Accuracy:  0.743983872999874
Confusion Metric: 
 [[2730  217   11  489   63    8   26]
 [ 175 1367   38   82   57    3   11]
 [  14   37  271    1    0    0    0]
 [ 356   92    4 1066   49    2    9]
 [  77   63    2   75   95    1    3]
 [  14    2    1    4    1  179    6]
 [  15    2    0   19    3    0  197]]
Macro Precision/Recall/F-score:  (0.7259881721044085, 0.7248260692412846, 0.7245138357095471, None)
Accuracy:  0.7923648733778506
Confusion Metric: 
 [[2870  207    5  383   45    7   27]
 [ 182 1414   27   67   31    4    8]
 [  14   39  268    1    1    0    0]
 [ 262   34    1 1256   21    2    2]
 [ 107   53    1   63   88    1    3]
 [   9    2    0    2    1  189    4]
 [  16    1    0   15    0    0  204]]
Macro Precision/Recall/F-score:  (0.7788506136718124, 0.7581917741072282, 0.764344373964831, None)

epoch 12/30
ex_result
Accuracy:  0.7249590525387426
Confusion Metric: 
 [[2417  293   13  725   54   14   28]
 [ 128 1443   29   89   32    3    9]
 [  10   45  267    1    0    0    0]
 [ 250  106    3 1177   32    2    8]
 [  59   80    2   94   74    1    6]
 [  10    3    1    4    0  183    6]
 [  12    5    0   24    2    0  193]]
Macro Precision/Recall/F-score:  (0.7182041222299332, 0.7175994164046218, 0.7116869610165762, None)
Accuracy:  0.7418420057956406
Confusion Metric: 
 [[2297  322    4  851   34   11   25]
 [  92 1512   18   82   20    4    5]
 [  10   52  259    2    0    0    0]
 [ 143   54    1 1365    9    3    3]
 [  55   73    1  121   60    1    5]
 [   5    1    0    1    0  196    4]
 [  10    2    0   25    0    0  199]]
Macro Precision/Recall/F-score:  (0.7610831340256005, 0.7382062043146276, 0.7317950394958842, None)

epoch 13/30
ex_result
Accuracy:  0.7403300995338289
Confusion Metric: 
 [[2636  217    6  585   57   10   33]
 [ 164 1400   21   91   43    4   10]
 [  16   47  259    1    0    0    0]
 [ 320   96    3 1114   37    2    6]
 [  71   65    1   82   90    1    6]
 [  11    1    0    4    0  184    7]
 [  14    6    0   20    3    0  193]]
Macro Precision/Recall/F-score:  (0.731960377314765, 0.7215643009037641, 0.7239158945984708, None)
Accuracy:  0.7758598966864054
Confusion Metric: 
 [[2668  198    2  569   72    7   28]
 [ 170 1422   17   76   40    3    5]
 [  17   51  252    2    1    0    0]
 [ 186   31    1 1336   21    2    1]
 [  86   46    1   80   98    1    4]
 [   9    1    0    4    0  189    4]
 [  13    3    0   26    1    0  193]]
Macro Precision/Recall/F-score:  (0.771116153845742, 0.7487368328254548, 0.7553679162711464, None)

epoch 14/30
ex_result
Accuracy:  0.7410860526647348
Confusion Metric: 
 [[2657  247   11  510   73   11   35]
 [ 139 1404   36   81   57    4   12]
 [  14   40  267    2    0    0    0]
 [ 334  104    5 1082   44    2    7]
 [  66   70    2   71   98    1    8]
 [  15    1    1    4    0  179    7]
 [  13    5    1   19    3    0  195]]
Macro Precision/Recall/F-score:  (0.716124133279985, 0.7247584515561439, 0.7190904868027734, None)
Accuracy:  0.780899584225778
Confusion Metric: 
 [[2720  243    3  460   80    9   29]
 [ 146 1448   28   56   43    4    8]
 [  12   47  262    1    1    0    0]
 [ 227   44    3 1270   29    2    3]
 [  80   54    1   68  108    1    4]
 [  12    1    0    1    0  189    4]
 [  16    3    0   14    2    0  201]]
Macro Precision/Recall/F-score:  (0.7620918797841633, 0.7607874190212289, 0.7595476159761938, None)

epoch 15/30
ex_result
Accuracy:  0.7346604510520348
Confusion Metric: 
 [[2587  210    9  633   66   11   28]
 [ 163 1362   32  108   55    4    9]
 [  14   41  267    1    0    0    0]
 [ 294   91    4 1146   35    2    6]
 [  69   65    2   80   92    1    7]
 [  13    1    1    5    0  181    6]
 [  13    5    0   21    1    0  196]]
Macro Precision/Recall/F-score:  (0.7238512879485487, 0.7235416411495306, 0.7211873604798145, None)
Accuracy:  0.7655285372306917
Confusion Metric: 
 [[2565  207    3  659   55   11   44]
 [ 151 1410   25  104   30    3   10]
 [  12   43  265    3    0    0    0]
 [ 167   29    3 1357   14    2    6]
 [  71   54    1  102   79    1    8]
 [   6    2    0    2    0  193    4]
 [   8    2    0   19    0    0  207]]
Macro Precision/Recall/F-score:  (0.7527257964537625, 0.7538921431067617, 0.7443742859261951, None)

epoch 16/30
ex_result
Accuracy:  0.7346604510520348
Confusion Metric: 
 [[2586  213   11  613   75   14   32]
 [ 154 1375   34   92   61    4   13]
 [  13   39  269    2    0    0    0]
 [ 305   93    4 1121   43    2   10]
 [  76   62    1   76   94    1    6]
 [  10    1    1    4    0  185    6]
 [  12    3    0   19    1    0  201]]
Macro Precision/Recall/F-score:  (0.7146786663841184, 0.7298855858737399, 0.7202742553013692, None)
Accuracy:  0.7812775607912309
Confusion Metric: 
 [[2694  202    3  542   56   12   35]
 [ 152 1419   21   87   43    4    7]
 [  13   46  263    1    0    0    0]
 [ 190   30    1 1330   20    2    5]
 [  84   51    1   76   98    1    5]
 [   6    2    0    4    0  191    4]
 [   9    2    0   19    0    0  206]]
Macro Precision/Recall/F-score:  (0.7670126350736697, 0.7631090140650205, 0.7602061452829127, None)

epoch 17/30
ex_result
Accuracy:  0.7384402167065642
Confusion Metric: 
 [[2652  241   10  536   67   10   28]
 [ 160 1402   34   73   50    5    9]
 [  13   37  272    1    0    0    0]
 [ 346  102    4 1067   51    1    7]
 [  83   59    3   71   95    1    4]
 [  15    1    1    4    0  180    6]
 [  14    6    1   20    2    0  193]]
Macro Precision/Recall/F-score:  (0.7227279955834011, 0.723368728720659, 0.7219630167214891, None)
Accuracy:  0.7890890764772585
Confusion Metric: 
 [[2828  227    3  385   72   10   19]
 [ 164 1443   23   53   39    6    5]
 [  15   46  260    1    0    1    0]
 [ 262   41    2 1238   30    3    2]
 [  91   51    1   61  108    1    3]
 [   7    1    0    1    0  194    4]
 [  15    3    0   25    1    0  192]]
Macro Precision/Recall/F-score:  (0.7745251673457718, 0.7589498593251162, 0.7650446860306327, None)

epoch 18/30
ex_result
Accuracy:  0.7394481542144387
Confusion Metric: 
 [[2697  208   10  527   61   10   31]
 [ 178 1361   29   98   51    4   12]
 [  15   44  263    1    0    0    0]
 [ 350   84    4 1092   36    2   10]
 [  85   61    3   77   84    1    5]
 [  15    1    1    4    0  181    5]
 [  16    4    0   22    3    0  191]]
Macro Precision/Recall/F-score:  (0.7210327420611323, 0.7145922141567408, 0.7160240024752645, None)
Accuracy:  0.7850573264457603
Confusion Metric: 
 [[2789  235    2  423   58    8   29]
 [ 168 1424   20   70   41    4    6]
 [  15   51  255    2    0    0    0]
 [ 248   29    2 1276   18    2    3]
 [  90   54    2   68   97    1    4]
 [   8    1    0    2    0  193    3]
 [  14    2    0   23    0    0  197]]
Macro Precision/Recall/F-score:  (0.7738765373115842, 0.75440392702059, 0.7606401724294087, None)

epoch 19/30
ex_result
Accuracy:  0.7402041073453446
Confusion Metric: 
 [[2686  228   10  516   60    9   35]
 [ 178 1396   28   73   42    4   12]
 [  15   41  266    1    0    0    0]
 [ 358  104    3 1056   45    2   10]
 [  78   67    2   73   89    1    6]
 [  13    1    1    4    0  183    5]
 [  14    6    0   15    2    0  199]]
Macro Precision/Recall/F-score:  (0.7236709128179537, 0.7235850023325766, 0.7217540667964996, None)
Accuracy:  0.7797656545294191
Confusion Metric: 
 [[2717  213    4  527   39    6   38]
 [ 175 1421   21   73   31    4    8]
 [  16   48  257    1    1    0    0]
 [ 199   36    2 1317   16    3    5]
 [  89   58    1   82   81    1    4]
 [   6    1    1    3    0  192    4]
 [  12    1    0   19    0    0  204]]
Macro Precision/Recall/F-score:  (0.7691943474702264, 0.7521645362982994, 0.7530487679223314, None)

epoch 20/30
ex_result
Accuracy:  0.7356683885599092
Confusion Metric: 
 [[2611  235    7  588   64   12   27]
 [ 144 1413   27   93   41    5   10]
 [  15   46  261    1    0    0    0]
 [ 326  100    5 1096   42    2    7]
 [  72   77    3   77   82    1    4]
 [  16    1    1    4    0  180    5]
 [  16    3    0   19    2    0  196]]
Macro Precision/Recall/F-score:  (0.7219738078499603, 0.7163220309157359, 0.7167082817133034, None)
Accuracy:  0.7870732014615094
Confusion Metric: 
 [[2752  261    4  441   52    6   28]
 [ 134 1487   18   52   33    4    5]
 [   9   54  257    2    1    0    0]
 [ 228   49    2 1266   28    1    4]
 [  80   65    2   68   98    1    2]
 [   9    1    1    2    0  191    3]
 [  16    5    0   19    0    0  196]]
Macro Precision/Recall/F-score:  (0.7774496705204513, 0.7565515287600145, 0.7631103640748904, None)

epoch 21/30
ex_result
Accuracy:  0.7390701776489857
Confusion Metric: 
 [[2668  236   10  531   59   10   30]
 [ 154 1409   30   84   41    4   11]
 [  14   44  264    1    0    0    0]
 [ 359   93    4 1069   42    2    9]
 [  78   74    2   80   75    1    6]
 [  11    1    1    5    0  183    6]
 [  13    5    0   17    3    0  198]]
Macro Precision/Recall/F-score:  (0.7186378792740624, 0.7172889560531298, 0.7156488228087906, None)
Accuracy:  0.7836714123724329
Confusion Metric: 
 [[2728  268    4  432   71    9   32]
 [ 128 1481   21   53   42    4    4]
 [  11   49  261    1    1    0    0]
 [ 241   52    1 1255   21    2    6]
 [  80   60    1   67  102    1    5]
 [  11    1    1    1    0  189    4]
 [  12    4    0   14    2    0  204]]
Macro Precision/Recall/F-score:  (0.7661738624931363, 0.7611334624224829, 0.760944241162112, None)

epoch 22/30
ex_result
Accuracy:  0.741590021418672
Confusion Metric: 
 [[2758  238   11  407   91   10   29]
 [ 162 1410   37   61   51    3    9]
 [  13   35  273    1    1    0    0]
 [ 425  109    4  962   67    2    9]
 [  81   71    2   58   99    1    4]
 [  11    1    1    4    0  185    5]
 [  19    6    0   10    2    0  199]]
Macro Precision/Recall/F-score:  (0.7200772764451814, 0.7281285253232036, 0.7236636406680622, None)
Accuracy:  0.780899584225778
Confusion Metric: 
 [[2832  276    5  308   91    6   26]
 [ 141 1505   19   21   39    3    5]
 [   9   47  264    1    2    0    0]
 [ 347   67    2 1094   64    1    3]
 [  89   63    3   47  109    1    4]
 [   9    1    1    1    0  191    4]
 [  20    1    0    9    3    0  203]]
Macro Precision/Recall/F-score:  (0.7648717819717968, 0.7579949878779073, 0.7605256079292521, None)

epoch 23/30
ex_result
Accuracy:  0.7380622401411112
Confusion Metric: 
 [[2657  242    9  522   73   10   31]
 [ 135 1424   27   87   45    5   10]
 [  15   45  262    1    0    0    0]
 [ 362  109    3 1052   42    2    8]
 [  69   78    2   80   82    1    4]
 [  10    2    1    5    0  182    7]
 [  13    7    0   16    1    0  199]]
Macro Precision/Recall/F-score:  (0.7194062756384701, 0.71873822193732, 0.7172230810424025, None)
Accuracy:  0.7798916467179035
Confusion Metric: 
 [[2724  238    4  461   76    5   36]
 [ 140 1435   25   72   48    4    9]
 [  13   46  262    2    0    0    0]
 [ 222   38    2 1284   25    2    5]
 [  85   62    4   65   94    1    5]
 [   8    2    1    3    0  189    4]
 [  11    1    0   21    1    0  202]]
Macro Precision/Recall/F-score:  (0.7556700176946151, 0.7554206627518385, 0.7529010026345276, None)

epoch 24/30
ex_result
Accuracy:  0.7417160136071563
Confusion Metric: 
 [[2773  211   10  471   40   10   29]
 [ 177 1375   42   98   29    4    8]
 [  16   36  270    1    0    0    0]
 [ 413   91    4 1027   33    2    8]
 [  90   68    4   83   66    1    4]
 [  16    1    1    5    0  178    6]
 [  14    6    0   16    2    0  198]]
Macro Precision/Recall/F-score:  (0.7235235387590021, 0.710050764875176, 0.7125097486230239, None)
Accuracy:  0.7865692327075722
Confusion Metric: 
 [[2884  203    4  388   28    5   32]
 [ 196 1409   27   72   20    3    6]
 [  14   49  258    2    0    0    0]
 [ 284   41    2 1236   10    1    4]
 [ 107   59    3   77   65    1    4]
 [   8    2    0    2    0  191    4]
 [  13    3    0   20    0    0  200]]
Macro Precision/Recall/F-score:  (0.7806437390688125, 0.7406716338077796, 0.7496750680878901, None)

epoch 25/30
ex_result
Accuracy:  0.7400781151568603
Confusion Metric: 
 [[2660  228   10  535   61   10   40]
 [ 154 1407   34   83   40    4   11]
 [  16   37  269    1    0    0    0]
 [ 353   97    3 1072   40    2   11]
 [  78   74    2   74   81    1    6]
 [  14    1    1    4    0  181    6]
 [  11    5    0   14    2    0  204]]
Macro Precision/Recall/F-score:  (0.7177860375182332, 0.7242487913744424, 0.7182891828447843, None)
Accuracy:  0.7840493889378859
Confusion Metric: 
 [[2741  282    4  419   55    4   39]
 [ 125 1497   25   45   32    3    6]
 [  11   46  265    1    0    0    0]
 [ 249   61    2 1238   21    2    5]
 [  84   73    2   67   83    1    6]
 [   9    2    0    1    0  191    4]
 [  11    3    0   13    1    0  208]]
Macro Precision/Recall/F-score:  (0.7646706470843156, 0.7584185899473663, 0.7567840139446941, None)

epoch 26/30
ex_result
Accuracy:  0.7371802948217211
Confusion Metric: 
 [[2748  184   13  495   65    9   30]
 [ 198 1327   38  103   54    3   10]
 [  17   34  271    1    0    0    0]
 [ 399   78    4 1040   45    2   10]
 [  90   64    3   69   85    1    4]
 [  13    1    1    5    0  181    6]
 [  14    3    1   16    3    0  199]]
Macro Precision/Recall/F-score:  (0.7177100752040947, 0.7179706313517364, 0.7167146586212975, None)
Accuracy:  0.7851833186342447
Confusion Metric: 
 [[2860  187    7  395   59    6   30]
 [ 199 1396   31   53   44    4    6]
 [  12   33  275    2    1    0    0]
 [ 284   37    2 1217   33    2    3]
 [ 103   54    2   63   89    1    4]
 [   8    2    0    1    0  192    4]
 [  13    2    1   16    1    0  203]]
Macro Precision/Recall/F-score:  (0.762861564533622, 0.7577873079556025, 0.7586363787541572, None)

epoch 27/30
ex_result
Accuracy:  0.737558271387174
Confusion Metric: 
 [[2660  247   12  514   68   11   32]
 [ 161 1413   37   72   35    4   11]
 [  12   36  273    1    1    0    0]
 [ 367  100    3 1044   50    2   12]
 [  84   76    3   66   81    1    5]
 [  10    2    1    4    0  183    7]
 [  13    7    0   14    2    0  200]]
Macro Precision/Recall/F-score:  (0.713623963605618, 0.7229366211864564, 0.7164598028505781, None)
Accuracy:  0.7863172483306035
Confusion Metric: 
 [[2802  257    5  359   89    6   26]
 [ 148 1470   30   35   41    4    5]
 [  12   37  272    1    1    0    0]
 [ 272   53    3 1196   46    2    6]
 [  83   65    2   59  102    1    4]
 [   7    2    0    1    0  193    4]
 [  18    3    0    7    2    0  206]]
Macro Precision/Recall/F-score:  (0.7615971389248019, 0.7667045855474726, 0.7634551533247429, None)

epoch 28/30
ex_result
Accuracy:  0.7413380370417034
Confusion Metric: 
 [[2730  259    8  440   77    8   22]
 [ 143 1449   26   68   35    4    8]
 [  14   55  253    1    0    0    0]
 [ 405  118    3  993   51    2    6]
 [  75   75    3   68   90    1    4]
 [  15    3    1    4    0  179    5]
 [  15    9    0   19    3    0  190]]
Macro Precision/Recall/F-score:  (0.7295115287920755, 0.7105181186362187, 0.718615332503951, None)
Accuracy:  0.7895930452311957
Confusion Metric: 
 [[2862  279    5  285   90    5   18]
 [ 139 1515   21   17   34    4    3]
 [  10   49  262    1    1    0    0]
 [ 323   68    2 1138   42    3    2]
 [  89   65    2   49  108    1    2]
 [  12    3    0    1    0  188    3]
 [  20    4    0   13    4    1  194]]
Macro Precision/Recall/F-score:  (0.7768473664195259, 0.7551569727595514, 0.76474860367406, None)

epoch 29/30
ex_result
Accuracy:  0.7418420057956406
Confusion Metric: 
 [[2758  226    7  452   68    9   24]
 [ 172 1416   31   67   34    3   10]
 [  14   49  259    1    0    0    0]
 [ 408  109    5  999   47    2    8]
 [  73   80    4   70   83    1    5]
 [  16    2    1    4    0  179    5]
 [  17    9    0   14    2    0  194]]
Macro Precision/Recall/F-score:  (0.7253833747893604, 0.711380110105622, 0.7169050219496557, None)
Accuracy:  0.7903489983621016
Confusion Metric: 
 [[2921  242    3  276   72    7   23]
 [ 182 1466   23   24   31    4    3]
 [  11   45  264    1    2    0    0]
 [ 334   59    2 1140   36    3    4]
 [  96   72    1   50   93    1    3]
 [   9    3    0    1    0  191    3]
 [  19    5    1   12    1    0  198]]
Macro Precision/Recall/F-score:  (0.7739444996955093, 0.7522721322806325, 0.7614840213017648, None)

best_epoch:  17 0.7650446860306327 0.7890890764772585


time= 1231
use 343 from author
Loading Data...
len(test_X):  981
len(train_X):  3803
MyModel

epoch 0/30
ex_result
Accuracy:  0.7364243416908152
Confusion Metric: 
 [[2548  294   13  564   55   22   48]
 [ 109 1439   37   91   29    7   21]
 [  12   41  264    4    1    1    0]
 [ 280  104    3 1147   21    5   18]
 [  78   72    2   91   56    2   15]
 [   9    1    0    2    0  188    7]
 [   8    4    1   19    1    0  203]]
Macro Precision/Recall/F-score:  (0.6894130740900238, 0.719873967734512, 0.6966132109544907, None)
Accuracy:  0.7638906387803956
Confusion Metric: 
 [[3005  327    7  151    0   14   40]
 [ 160 1491   32   36    0    4   10]
 [  15   44  262    1    0    1    0]
 [ 535  100    1  928    0    2   12]
 [ 144   91    1   68    0    2   10]
 [  16    1    0    0    0  186    4]
 [  32    4    0    9    0    0  191]]
Macro Precision/Recall/F-score:  (0.6773553518821507, 0.687910597058112, 0.6791045846288865, None)

epoch 1/30
ex_result
Accuracy:  0.7420939901726094
Confusion Metric: 
 [[2618  285   14  501   65   23   38]
 [ 128 1427   44   84   27    7   16]
 [  12   30  275    3    2    1    0]
 [ 325  109    3 1107   19    4   11]
 [  83   62    2   84   74    2    9]
 [   9    1    0    2    0  190    5]
 [   7    3    1   22    3    1  199]]
Macro Precision/Recall/F-score:  (0.7044236808342083, 0.7300467074602833, 0.7123447673461129, None)
Accuracy:  0.77686783419428
Confusion Metric: 
 [[3021  270    6  188   10   15   34]
 [ 189 1472   23   33    3    5    8]
 [  17   43  261    1    0    1    0]
 [ 477   69    1 1015    6    2    8]
 [ 159   72    1   57   21    1    5]
 [  13    1    0    1    0  188    4]
 [  26    3    0   18    0    1  188]]
Macro Precision/Recall/F-score:  (0.7675071171552394, 0.7034811396283006, 0.7082569122395788, None)

epoch 2/30
ex_result
Accuracy:  0.7447398261307799
Confusion Metric: 
 [[2659  257   10  501   61   18   38]
 [ 131 1435   33   88   23    7   16]
 [  15   37  266    3    1    1    0]
 [ 338   99    3 1102   21    3   12]
 [  84   74    1   83   64    2    8]
 [  11    1    0    2    0  187    6]
 [  10    2    0   22    2    2  198]]
Macro Precision/Recall/F-score:  (0.7097120368078842, 0.7207291595806212, 0.7098883231734964, None)
Accuracy:  0.7812775607912309
Confusion Metric: 
 [[3099  251    5  146   12   12   19]
 [ 187 1486   20   26    5    4    5]
 [  19   45  255    3    0    1    0]
 [ 537   65    0  962   11    2    1]
 [ 156   77    1   41   36    1    4]
 [  21    1    0    1    0  182    2]
 [  33    2    0   20    0    0  181]]
Macro Precision/Recall/F-score:  (0.7947180908280418, 0.6987306633510483, 0.721809632454294, None)

epoch 3/30
ex_result
Accuracy:  0.7420939901726094
Confusion Metric: 
 [[2627  274   14  489   77   18   45]
 [ 124 1435   38   72   38    7   19]
 [  14   36  269    2    1    1    0]
 [ 332  109    3 1072   47    4   11]
 [  75   65    1   71   94    2    8]
 [  10    1    0    1    0  188    7]
 [   7    2    1   19    1    1  205]]
Macro Precision/Recall/F-score:  (0.7037949975998813, 0.7365399906040977, 0.717371185441389, None)
Accuracy:  0.7817815295451682
Confusion Metric: 
 [[2963  289    8  194   40   17   33]
 [ 156 1489   25   29   18    6   10]
 [  17   41  263    1    0    1    0]
 [ 449   69    1 1031   18    2    8]
 [ 131   61    1   50   66    1    6]
 [   8    1    0    1    0  193    4]
 [  24    2    0   10    0    0  200]]
Macro Precision/Recall/F-score:  (0.7610989014705185, 0.7359357636305462, 0.7396231359086765, None)

epoch 4/30
ex_result
Accuracy:  0.7389441854605014
Confusion Metric: 
 [[2580  292   13  528   73   18   40]
 [ 118 1455   43   65   29    8   15]
 [  13   32  273    3    1    1    0]
 [ 303  130    3 1084   43    3   12]
 [  67   79    1   72   88    1    8]
 [  10    2    0    1    0  187    7]
 [   8    3    1   19    3    4  198]]
Macro Precision/Recall/F-score:  (0.7017826356392903, 0.7315097073119701, 0.7133530047031159, None)
Accuracy:  0.78329343580698
Confusion Metric: 
 [[2840  353    5  243   58   18   27]
 [ 115 1534   26   31   16    6    5]
 [  17   43  260    2    0    1    0]
 [ 346   82    1 1116   27    2    4]
 [  97   80    1   49   85    1    3]
 [   7    2    0    1    0  194    3]
 [  24    3    0   20    1    0  188]]
Macro Precision/Recall/F-score:  (0.7645979565006558, 0.7430711572454216, 0.7487525992227155, None)

epoch 5/30
ex_result
Accuracy:  0.7431019276804838
Confusion Metric: 
 [[2701  292    7  411   78   18   37]
 [ 129 1461   36   58   27    7   15]
 [  18   43  256    4    1    1    0]
 [ 395  123    3  996   46    3   12]
 [  70   79    1   62   97    1    6]
 [  10    1    0    1    0  189    6]
 [   9    3    0   20    3    3  198]]
Macro Precision/Recall/F-score:  (0.7122758955338294, 0.7268452633848187, 0.7173446231940818, None)
Accuracy:  0.7864432405190879
Confusion Metric: 
 [[2968  302    1  192   45   16   20]
 [ 157 1499   22   29   16    4    6]
 [  20   50  251    1    0    1    0]
 [ 424   66    0 1055   24    1    8]
 [ 123   66    1   45   78    1    2]
 [   8    1    0    1    0  193    4]
 [  24    4    0    9    1    0  198]]
Macro Precision/Recall/F-score:  (0.7795495697952657, 0.738041293005769, 0.7514216643772634, None)

epoch 6/30
ex_result
Accuracy:  0.7374322791986897
Confusion Metric: 
 [[2572  328    9  506   74   18   37]
 [ 113 1481   33   59   25    7   15]
 [  13   42  264    3    0    1    0]
 [ 332  124    3 1060   44    3   12]
 [  67   83    1   69   90    1    5]
 [  11    1    0    2    0  186    7]
 [   8    3    0   21    2    2  200]]
Macro Precision/Recall/F-score:  (0.7103387588344318, 0.7286019099666675, 0.7161475662816492, None)
Accuracy:  0.7820335139221368
Confusion Metric: 
 [[2850  350    3  252   56   14   19]
 [ 128 1530   21   28   16    5    5]
 [  19   51  250    2    0    1    0]
 [ 358   78    0 1110   27    2    3]
 [ 103   78    1   52   79    1    2]
 [   8    1    0    1    0  194    3]
 [  22    3    0   16    1    0  194]]
Macro Precision/Recall/F-score:  (0.7730565791307608, 0.7390979983310594, 0.7502180521231685, None)

epoch 7/30
ex_result
Accuracy:  0.7451178026962328
Confusion Metric: 
 [[2732  225   21  436   75   15   40]
 [ 161 1386   56   68   39    7   16]
 [  14   22  282    3    1    1    0]
 [ 386  104    3 1026   44    3   12]
 [  79   64    2   66   97    1    7]
 [  11    1    0    2    0  186    7]
 [   7    2    0   18    0    4  205]]
Macro Precision/Recall/F-score:  (0.704711000772125, 0.7382944992649821, 0.7192838207726783, None)
Accuracy:  0.7922388811893663
Confusion Metric: 
 [[3050  245   10  155   51    9   24]
 [ 180 1447   34   29   30    5    8]
 [  19   39  262    2    0    1    0]
 [ 438   56    1 1051   28    1    3]
 [ 126   48    1   41   96    1    3]
 [  14    1    0    2    0  187    3]
 [  24    1    0   14    2    0  195]]
Macro Precision/Recall/F-score:  (0.7784664186594416, 0.7437437864554945, 0.7573153776302861, None)

epoch 8/30
ex_result
Accuracy:  0.7436058964344211
Confusion Metric: 
 [[2633  269   16  506   63   18   39]
 [ 129 1445   47   62   31    7   12]
 [  12   31  275    4    0    1    0]
 [ 337  116    3 1073   34    3   12]
 [  73   78    1   72   85    1    6]
 [  11    1    0    1    0  188    6]
 [   8    3    0   20    1    1  203]]
Macro Precision/Recall/F-score:  (0.7104380845353708, 0.735071036137336, 0.719167955416781, None)
Accuracy:  0.794128764016631
Confusion Metric: 
 [[3029  266    7  174   41   11   16]
 [ 170 1480   23   34   16    4    6]
 [  17   42  262    1    0    1    0]
 [ 420   57    2 1078   17    2    2]
 [ 132   65    1   45   70    1    2]
 [  11    1    0    1    0  190    4]
 [  26    3    0   12    1    0  194]]
Macro Precision/Recall/F-score:  (0.7881215854066506, 0.7377729102011003, 0.7545825810927462, None)

epoch 9/30
ex_result
Accuracy:  0.7352904119944563
Confusion Metric: 
 [[2534  284   16  585   75   14   36]
 [ 116 1456   42   73   27    7   12]
 [  11   35  272    4    0    1    0]
 [ 307  118    3 1099   36    2   13]
 [  64   81    2   77   85    1    6]
 [  11    1    0    3    0  185    7]
 [   6    3    0   21    1    0  205]]
Macro Precision/Recall/F-score:  (0.7092198261832984, 0.732154362822861, 0.7167587026084112, None)
Accuracy:  0.7912309436814917
Confusion Metric: 
 [[2937  281    5  230   65    7   19]
 [ 146 1500   23   38   18    5    3]
 [  18   45  256    3    0    1    0]
 [ 373   63    0 1104   31    1    6]
 [  96   64    1   52   99    1    3]
 [  12    1    0    1    0  189    4]
 [  21    3    0   15    2    0  195]]
Macro Precision/Recall/F-score:  (0.7828162162769882, 0.7484387011038599, 0.7624828243716445, None)

epoch 10/30
ex_result
Accuracy:  0.7393221620259544
Confusion Metric: 
 [[2585  308   15  509   80   19   28]
 [ 117 1477   41   55   26    6   11]
 [   9   28  282    3    0    1    0]
 [ 332  136    4 1049   41    3   13]
 [  66   83    2   70   89    1    5]
 [   8    1    0    3    0  189    6]
 [   7    3    0   22    2    5  197]]
Macro Precision/Recall/F-score:  (0.7087368457920353, 0.7355637774859968, 0.7193218441363655, None)
Accuracy:  0.787325185838478
Confusion Metric: 
 [[2912  333    8  183   80   12   16]
 [ 130 1524   26   24   22    4    3]
 [  15   44  262    1    0    1    0]
 [ 389   78    1 1075   33    2    0]
 [  92   70    1   43  107    1    2]
 [  10    1    0    1    0  192    3]
 [  29    4    0   24    2    0  177]]
Macro Precision/Recall/F-score:  (0.779391487220738, 0.7442288185320368, 0.758462845373748, None)

epoch 11/30
ex_result
Accuracy:  0.7465037167695603
Confusion Metric: 
 [[2733  234   19  451   54   18   35]
 [ 160 1429   45   64   17    6   12]
 [  11   31  276    4    0    1    0]
 [ 395  110    5 1022   31    3   12]
 [  79   81    2   73   74    1    6]
 [  10    1    0    4    0  186    6]
 [   6    3    0   21    0    1  205]]
Macro Precision/Recall/F-score:  (0.7149983909000984, 0.728465801438212, 0.7167405681056557, None)
Accuracy:  0.798538490613582
Confusion Metric: 
 [[3004  264    4  200   38   10   24]
 [ 158 1497   23   34   12    4    5]
 [  17   43  261    1    0    1    0]
 [ 379   66    1 1103   22    1    6]
 [ 113   67    1   52   79    1    3]
 [  10    1    0    2    0  190    4]
 [  21    2    0    8    1    0  204]]
Macro Precision/Recall/F-score:  (0.7911199181171703, 0.7501095045599045, 0.7626506054337566, None)

epoch 12/30
ex_result
Accuracy:  0.7432279198689681
Confusion Metric: 
 [[2691  289   13  439   53   17   42]
 [ 126 1480   40   44   21    6   16]
 [  11   34  273    3    1    1    0]
 [ 398  134    5  983   42    3   13]
 [  75   83    1   68   82    1    6]
 [  12    1    0    3    0  185    6]
 [   6    3    0   20    1    1  205]]
Macro Precision/Recall/F-score:  (0.7115315109287941, 0.7290458733984923, 0.7159001952374436, None)
Accuracy:  0.7942547562051153
Confusion Metric: 
 [[2968  303    5  198   43    7   20]
 [ 138 1512   25   35   16    3    4]
 [  17   43  259    3    0    1    0]
 [ 391   59    1 1095   26    2    4]
 [ 116   68    1   48   79    1    3]
 [  10    1    0    2    0  190    4]
 [  22    4    0    8    1    0  201]]
Macro Precision/Recall/F-score:  (0.787215958361025, 0.7464700722410722, 0.7603607343279626, None)

epoch 13/30
ex_result
Accuracy:  0.7383142245180799
Confusion Metric: 
 [[2599  322   16  473   74   23   37]
 [ 106 1496   41   47   22    8   13]
 [  10   35  275    2    0    1    0]
 [ 355  146    5 1016   40    6   10]
 [  69   89    1   68   84    1    4]
 [   9    1    0    4    0  187    6]
 [   6    4    1   20    0    2  203]]
Macro Precision/Recall/F-score:  (0.7027003083344977, 0.7316021659940473, 0.7133068402667853, None)
Accuracy:  0.7916089202469447
Confusion Metric: 
 [[2947  315    4  195   49   13   21]
 [ 146 1517   19   28   15    5    3]
 [  19   47  255    1    0    1    0]
 [ 392   69    0 1084   26    3    4]
 [ 101   72    1   50   88    1    3]
 [   8    1    0    2    0  192    4]
 [  23    5    0    6    1    1  200]]
Macro Precision/Recall/F-score:  (0.7854830357410003, 0.7481144254540476, 0.7606034168650686, None)

epoch 14/30
ex_result
Accuracy:  0.7456217714501701
Confusion Metric: 
 [[2693  294   13  437   42   21   44]
 [ 139 1458   44   56   13    8   15]
 [  11   32  277    2    0    1    0]
 [ 365  123    5 1030   31    7   17]
 [  78   79    3   77   69    2    8]
 [  10    1    0    2    0  187    7]
 [   8    3    1   17    0    3  204]]
Macro Precision/Recall/F-score:  (0.7062867102631019, 0.7282349206156853, 0.7092403966709667, None)
Accuracy:  0.7914829280584603
Confusion Metric: 
 [[2979  341    5  145   31   10   33]
 [ 128 1541   22   19   10    4    9]
 [  15   46  260    1    0    1    0]
 [ 442   75    2 1027   20    2   10]
 [ 123   71    1   38   75    1    7]
 [   9    1    0    2    0  191    4]
 [  18    4    1    4    0    0  209]]
Macro Precision/Recall/F-score:  (0.7859181973257924, 0.7473146826611148, 0.7541680589383587, None)

epoch 15/30
ex_result
Accuracy:  0.7434799042459368
Confusion Metric: 
 [[2689  271   16  462   48   25   33]
 [ 153 1434   46   62   16    9   13]
 [  10   31  279    2    0    1    0]
 [ 360  131    5 1034   32    4   12]
 [  79   79    4   71   76    1    6]
 [   9    1    0    3    0  188    6]
 [   6    3    1   21    0    4  201]]
Macro Precision/Recall/F-score:  (0.7089003092577618, 0.7293806737100146, 0.7131765839736206, None)
Accuracy:  0.797782537482676
Confusion Metric: 
 [[3007  279    7  175   42   12   22]
 [ 160 1496   25   26   14    5    7]
 [  15   39  267    1    0    1    0]
 [ 385   67    2 1087   28    3    6]
 [ 117   64    2   46   82    1    4]
 [   9    1    0    2    0  192    3]
 [  21    4    1    7    1    1  201]]
Macro Precision/Recall/F-score:  (0.7821556627852925, 0.752273725091535, 0.7607736112523241, None)

epoch 16/30
ex_result
Accuracy:  0.7413380370417034
Confusion Metric: 
 [[2637  304   14  478   43   24   44]
 [ 122 1489   41   54    6    7   14]
 [   9   35  276    2    0    1    0]
 [ 369  138    5 1020   25    6   15]
 [  76   82    2   80   67    1    8]
 [   9    1    0    3    0  188    6]
 [   6    4    0   18    0    1  207]]
Macro Precision/Recall/F-score:  (0.7112710234193448, 0.7287873861162121, 0.7100264180881505, None)
Accuracy:  0.7962706312208643
Confusion Metric: 
 [[2981  293    6  200   29    7   28]
 [ 153 1513   23   24   10    5    5]
 [  16   42  263    1    0    1    0]
 [ 381   76    1 1092   18    3    7]
 [ 118   67    2   51   74    1    3]
 [  11    1    0    2    0  189    4]
 [  19    4    1    4    0    0  208]]
Macro Precision/Recall/F-score:  (0.7928016286965843, 0.7498608265427269, 0.7600132034788974, None)

epoch 17/30
ex_result
Accuracy:  0.7485195917853094
Confusion Metric: 
 [[2759  242   11  431   49   18   34]
 [ 171 1422   44   57   20    6   13]
 [  12   32  276    2    0    1    0]
 [ 407  107    5 1014   29    3   13]
 [  84   66    4   76   79    1    6]
 [  10    1    0    4    0  186    6]
 [   6    3    0   21    0    1  205]]
Macro Precision/Recall/F-score:  (0.7214576056713481, 0.7304729701694164, 0.7209448556666036, None)
Accuracy:  0.7974045609172231
Confusion Metric: 
 [[3105  231    3  143   39    5   18]
 [ 201 1464   20   24   18    3    3]
 [  20   44  256    2    0    1    0]
 [ 459   49    0 1044   23    1    2]
 [ 135   51    1   43   82    1    3]
 [  17    1    0    2    0  184    3]
 [  30    1    0   10    1    0  194]]
Macro Precision/Recall/F-score:  (0.8045956103890731, 0.7350699408231298, 0.7617007770315395, None)

epoch 18/30
ex_result
Accuracy:  0.7476376464659191
Confusion Metric: 
 [[2734  275   11  425   38   19   42]
 [ 148 1454   41   57   11    7   15]
 [  12   31  277    2    0    1    0]
 [ 386  129    5 1010   31    4   13]
 [  84   82    3   70   67    1    9]
 [   9    1    0    3    0  188    6]
 [   7    3    1   20    0    1  204]]
Macro Precision/Recall/F-score:  (0.7161956024831844, 0.7275332413727382, 0.7136266107405349, None)
Accuracy:  0.7970265843517702
Confusion Metric: 
 [[3024  289    4  172   21    8   26]
 [ 166 1513   20   16    8    3    7]
 [  13   50  258    1    0    1    0]
 [ 413   70    1 1073   16    1    4]
 [ 136   72    1   40   62    1    4]
 [  11    1    0    2    0  189    4]
 [  20    1    1    7    0    0  207]]
Macro Precision/Recall/F-score:  (0.8018580386871638, 0.741632366162073, 0.7559822340785989, None)

epoch 19/30
ex_result
Accuracy:  0.7490235605392466
Confusion Metric: 
 [[2776  270   15  392   37   20   34]
 [ 147 1460   45   52   10    6   13]
 [   9   29  282    2    0    1    0]
 [ 422  131    4  974   29    5   13]
 [  84   82    4   72   68    1    5]
 [  10    1    0    3    0  187    6]
 [  10    4    1   22    0    1  198]]
Macro Precision/Recall/F-score:  (0.7201685541483158, 0.724803143986101, 0.714259740518358, None)
Accuracy:  0.7996724203099408
Confusion Metric: 
 [[3087  255    7  142   28    8   17]
 [ 170 1505   22   16   12    4    4]
 [  12   51  259    0    0    1    0]
 [ 450   68    1 1035   17    2    5]
 [ 132   63    1   41   75    1    3]
 [   9    1    0    2    0  191    4]
 [  30    4    1    6    0    0  195]]
Macro Precision/Recall/F-score:  (0.8051536186472905, 0.7405078990001152, 0.7605968575437018, None)

epoch 20/30
ex_result
Accuracy:  0.7509134433665112
Confusion Metric: 
 [[2804  234   12  401   43   19   31]
 [ 166 1434   44   55   17    6   11]
 [  10   35  275    2    0    1    0]
 [ 421  118    4  978   39    4   14]
 [  81   80    2   64   83    1    5]
 [  12    1    0    3    0  185    6]
 [   9    3    1   20    1    1  201]]
Macro Precision/Recall/F-score:  (0.7235803204610202, 0.7282716015203209, 0.7214153786057097, None)
Accuracy:  0.7987904749905506
Confusion Metric: 
 [[3074  250    4  149   47    5   15]
 [ 166 1505   17   19   22    2    2]
 [  12   58  251    1    0    1    0]
 [ 449   56    1 1034   33    2    3]
 [ 115   63    0   43   91    1    3]
 [  11    1    0    2    0  190    3]
 [  29    4    1    6    1    0  195]]
Macro Precision/Recall/F-score:  (0.8016417727012511, 0.742898228506028, 0.7662426125777885, None)

epoch 21/30
ex_result
Accuracy:  0.7453697870732015
Confusion Metric: 
 [[2774  215   13  443   47   25   27]
 [ 189 1393   47   64   20    8   12]
 [  11   32  276    3    0    1    0]
 [ 411  101    4 1010   35    5   12]
 [  85   65    4   74   80    1    7]
 [   9    1    0    3    0  188    6]
 [   9    2    1   26    0    3  195]]
Macro Precision/Recall/F-score:  (0.7134214630676231, 0.724103995233287, 0.7143625022698368, None)
Accuracy:  0.8004283734408467
Confusion Metric: 
 [[3119  206    4  164   30    8   13]
 [ 212 1455   20   24   15    4    3]
 [  16   50  254    2    0    1    0]
 [ 440   46    1 1068   18    3    2]
 [ 136   52    1   48   75    1    3]
 [  11    1    0    2    0  190    3]
 [  29    3    0   11    0    1  192]]
Macro Precision/Recall/F-score:  (0.8074633036691298, 0.735946117887026, 0.7609980367395833, None)

epoch 22/30
ex_result
Accuracy:  0.7448658183192642
Confusion Metric: 
 [[2700  263   13  469   51   20   28]
 [ 153 1429   43   74   16    7   11]
 [  10   31  278    3    0    1    0]
 [ 362  118    4 1050   29    4   11]
 [  81   79    4   77   70    1    4]
 [  10    1    0    3    0  187    6]
 [   9    5    0   23    0    1  198]]
Macro Precision/Recall/F-score:  (0.7171629789920971, 0.72519952870212, 0.7157223220249216, None)
Accuracy:  0.7997984124984251
Confusion Metric: 
 [[3007  266    5  219   31    5   11]
 [ 168 1497   22   29   12    4    1]
 [  11   48  263    0    0    1    0]
 [ 352   65    2 1139   14    3    3]
 [ 119   72    2   54   64    1    4]
 [  12    1    0    3    0  188    3]
 [  27    4    1   13    1    0  190]]
Macro Precision/Recall/F-score:  (0.8006962411642666, 0.7377380639496923, 0.7577717175900908, None)

epoch 23/30
ex_result
Accuracy:  0.7438578808113897
Confusion Metric: 
 [[2717  234   15  481   53   20   24]
 [ 156 1427   46   61   23    7   13]
 [  10   32  277    3    0    1    0]
 [ 392  106    4 1023   36    5   12]
 [  85   73    3   75   74    1    5]
 [  10    1    0    3    0  187    6]
 [   8    4    1   21    2    1  199]]
Macro Precision/Recall/F-score:  (0.7118760346407983, 0.7252469638779633, 0.7148158761642762, None)
Accuracy:  0.7992944437444879
Confusion Metric: 
 [[3086  231    5  166   35    7   14]
 [ 170 1481   28   28   20    4    2]
 [  13   43  265    1    0    1    0]
 [ 434   63    2 1050   22    3    4]
 [ 121   67    3   48   72    1    4]
 [  10    1    0    1    0  192    3]
 [  26    3    2    5    2    0  198]]
Macro Precision/Recall/F-score:  (0.7915084617608683, 0.7436507107268644, 0.7597020418769549, None)

epoch 24/30
ex_result
Accuracy:  0.7383142245180799
Confusion Metric: 
 [[2605  286   12  524   57   21   39]
 [ 132 1456   37   69   17    7   15]
 [   9   37  273    3    0    1    0]
 [ 331  126    4 1057   42    4   14]
 [  70   84    3   69   82    1    7]
 [  10    1    0    4    0  187    5]
 [   7    4    1   21    2    1  200]]
Macro Precision/Recall/F-score:  (0.7074933524913137, 0.7286537328057676, 0.7135369297277674, None)
Accuracy:  0.7962706312208643
Confusion Metric: 
 [[2914  292    4  250   50    8   26]
 [ 147 1515   16   30   17    3    5]
 [  13   54  254    1    0    1    0]
 [ 321   61    2 1157   28    2    7]
 [ 107   65    2   51   87    1    3]
 [  11    1    0    2    0  190    3]
 [  24    1    0    7    1    0  203]]
Macro Precision/Recall/F-score:  (0.7850978556031966, 0.7527694263034367, 0.7637524046876853, None)

epoch 25/30
ex_result
Accuracy:  0.748771576162278
Confusion Metric: 
 [[2799  227   13  417   42   17   29]
 [ 185 1413   44   58   14    7   12]
 [  12   34  274    2    0    1    0]
 [ 412  112    4 1005   29    4   12]
 [  86   77    3   79   64    1    6]
 [  10    1    0    3    0  187    6]
 [  10    5    1   18    0    1  201]]
Macro Precision/Recall/F-score:  (0.7198637562489317, 0.7211317435543467, 0.7139489722268274, None)
Accuracy:  0.8004283734408467
Confusion Metric: 
 [[3110  215    4  154   38    7   16]
 [ 212 1452   24   22   16    5    2]
 [  15   49  258    0    0    1    0]
 [ 435   49    1 1063   22    2    6]
 [ 121   57    2   44   87    1    4]
 [  15    1    0    1    0  187    3]
 [  28    4    1    5    2    0  196]]
Macro Precision/Recall/F-score:  (0.801586333844576, 0.7424283764675833, 0.7644540570019486, None)

epoch 26/30
ex_result
Accuracy:  0.7500314980471211
Confusion Metric: 
 [[2777  243   11  436   27   22   28]
 [ 161 1434   39   65   14    7   13]
 [  10   39  271    2    0    1    0]
 [ 405  107    4 1025   20    5   12]
 [  84   80    2   84   58    1    7]
 [   9    1    0    3    0  188    6]
 [   8    5    1   20    1    1  200]]
Macro Precision/Recall/F-score:  (0.7255819157943099, 0.7198321254830718, 0.7121387396302653, None)
Accuracy:  0.7974045609172231
Confusion Metric: 
 [[3059  229    4  197   31    8   16]
 [ 194 1471   22   31   10    3    2]
 [  14   50  257    1    0    1    0]
 [ 414   48    2 1094   14    1    5]
 [ 127   66    2   54   62    1    4]
 [  13    1    0    2    0  187    4]
 [  25    2    1    8    1    0  199]]
Macro Precision/Recall/F-score:  (0.7979100038902477, 0.7348169783529164, 0.7543917803147455, None)

epoch 27/30
ex_result
Accuracy:  0.7473856620889505
Confusion Metric: 
 [[2726  226   14  470   50   23   35]
 [ 172 1422   35   64   19    7   14]
 [  11   37  272    2    0    1    0]
 [ 363  107    4 1046   41    4   13]
 [  82   72    2   73   77    1    9]
 [  10    1    0    3    0  188    5]
 [   5    4    1   21    0    4  201]]
Macro Precision/Recall/F-score:  (0.7120275565125341, 0.728325397298741, 0.715760475131837, None)
Accuracy:  0.7996724203099408
Confusion Metric: 
 [[3067  209    2  191   45   11   19]
 [ 218 1432   19   34   20    5    5]
 [  14   47  260    1    0    1    0]
 [ 399   36    2 1114   22    3    2]
 [ 123   59    2   47   79    1    5]
 [   9    1    0    2    0  192    3]
 [  24    3    1    5    0    0  203]]
Macro Precision/Recall/F-score:  (0.7913174049295247, 0.7486193234647106, 0.7638198831335412, None)

epoch 28/30
ex_result
Accuracy:  0.7482676074083406
Confusion Metric: 
 [[2737  230   12  476   42   24   23]
 [ 169 1417   46   59   23    7   12]
 [   9   30  280    3    0    1    0]
 [ 380  105    5 1038   33    6   11]
 [  75   78    2   75   81    1    4]
 [  10    1    0    2    0  189    5]
 [  10    4    1   22    1    1  197]]
Macro Precision/Recall/F-score:  (0.72188339202433, 0.7312477906976964, 0.7219022798217772, None)
Accuracy:  0.8004283734408467
Confusion Metric: 
 [[3061  213    3  211   40    8    8]
 [ 216 1444   19   29   20    4    1]
 [  13   48  260    1    0    1    0]
 [ 381   41    2 1129   22    2    1]
 [ 117   54    2   57   82    1    3]
 [  11    1    0    2    0  191    2]
 [  33    4    1   10    2    0  186]]
Macro Precision/Recall/F-score:  (0.8044785570340844, 0.7411001755234843, 0.7659095715768807, None)

epoch 29/30
ex_result
Accuracy:  0.7447398261307799
Confusion Metric: 
 [[2676  255   16  491   47   25   34]
 [ 161 1425   50   59   17    8   13]
 [   9   31  280    2    0    1    0]
 [ 348  108    6 1059   39    6   12]
 [  84   72    4   71   80    1    4]
 [  10    1    0    2    0  189    5]
 [   7    3    1   22    0    1  202]]
Macro Precision/Recall/F-score:  (0.710381564590308, 0.7339240694477865, 0.716953697990242, None)
Accuracy:  0.8011843265717525
Confusion Metric: 
 [[2979  230    7  264   44    6   14]
 [ 194 1451   25   32   25    4    2]
 [  10   42  269    1    0    1    0]
 [ 319   44    2 1188   20    2    3]
 [ 119   57    2   50   84    1    3]
 [  12    1    0    2    0  190    2]
 [  24    3    1    9    1    0  198]]
Macro Precision/Recall/F-score:  (0.7945583582974941, 0.7551716143365457, 0.7700391680858185, None)

best_epoch:  29 0.7700391680858185 0.8011843265717525


time= 1232
use 343 from author
Loading Data...
len(test_X):  981
len(train_X):  3803
MyModel

epoch 0/30
ex_result
Accuracy:  0.7414640292301877
Confusion Metric: 
 [[2701  253    7  415  123   15   30]
 [ 135 1432   21   72   58    6    9]
 [  15   61  240    3    3    1    0]
 [ 362   96    5 1038   62    3   12]
 [  77   73    1   61   97    1    6]
 [  13    2    0    1    0  185    6]
 [  13    6    0   17    8    0  192]]
Macro Precision/Recall/F-score:  (0.7124447952488785, 0.7147879745634166, 0.7121083182629625, None)
Accuracy:  0.7762378732518583
Confusion Metric: 
 [[2933  257    4  306    7   14   23]
 [ 190 1485   15   31    1    5    6]
 [  20   56  246    0    0    1    0]
 [ 354   68    0 1143    1    2   10]
 [ 145   90    1   61   10    2    7]
 [  18    2    0    2    0  183    2]
 [  31    5    0   38    0    1  161]]
Macro Precision/Recall/F-score:  (0.7679087646379897, 0.6811918474255557, 0.6912196969930766, None)

epoch 1/30
ex_result
Accuracy:  0.7431019276804838
Confusion Metric: 
 [[2788  199    9  386  128   13   21]
 [ 181 1346   27   78   87    7    7]
 [  15   50  250    3    4    1    0]
 [ 400   87    4 1025   48    3   11]
 [  78   61    1   57  115    1    3]
 [  17    1    0    1    1  181    6]
 [  13    5    0   19    6    0  193]]
Macro Precision/Recall/F-score:  (0.7222097571485323, 0.7204337921116972, 0.7204770995257089, None)
Accuracy:  0.7859392717651505
Confusion Metric: 
 [[3045  203    9  221   32   12   22]
 [ 241 1425   23   25   11    5    3]
 [  14   39  268    0    1    1    0]
 [ 417   56    2 1075   19    2    7]
 [ 137   69    1   44   61    1    3]
 [  13    2    0    1    0  188    3]
 [  21    6    0   31    2    0  176]]
Macro Precision/Recall/F-score:  (0.7764169477276377, 0.719921263925648, 0.7381592789620894, None)

epoch 2/30
ex_result
Accuracy:  0.7477636386544034
Confusion Metric: 
 [[2761  248   12  390   93   14   26]
 [ 142 1437   25   62   51    6   10]
 [  12   50  257    4    0    0    0]
 [ 408  110    3  997   46    3   11]
 [  76   71    1   60  100    2    6]
 [  10    2    0    1    0  187    7]
 [  12    6    0   19    3    0  196]]
Macro Precision/Recall/F-score:  (0.7222468189885962, 0.7265835709780932, 0.723588096055043, None)
Accuracy:  0.7859392717651505
Confusion Metric: 
 [[2987  242   11  222   40   13   29]
 [ 182 1488   21   17   12    6    7]
 [  17   47  258    0    0    1    0]
 [ 400   88    1 1062   17    2    8]
 [ 132   75    1   34   65    1    8]
 [  10    2    0    1    0  190    4]
 [  22    5    0   21    0    0  188]]
Macro Precision/Recall/F-score:  (0.7677916541091847, 0.7276293994900592, 0.7382018908589185, None)

epoch 3/30
ex_result
Accuracy:  0.7459997480156231
Confusion Metric: 
 [[2720  249    9  448   72   14   32]
 [ 153 1439   26   66   33    6   10]
 [  13   56  249    3    1    1    0]
 [ 361  114    2 1042   41    3   15]
 [  77   77    1   67   86    1    7]
 [  10    2    0    3    0  184    8]
 [   9    6    0   18    2    0  201]]
Macro Precision/Recall/F-score:  (0.7195875686210081, 0.720258487739029, 0.7174234562421262, None)
Accuracy:  0.7912309436814917
Confusion Metric: 
 [[2991  229    9  248   34    8   25]
 [ 192 1470   24   26   11    5    5]
 [  17   50  254    0    1    1    0]
 [ 351   72    1 1127   17    2    8]
 [ 124   76    1   49   62    1    3]
 [  16    2    0    1    0  184    4]
 [  17    5    0   19    3    0  192]]
Macro Precision/Recall/F-score:  (0.7763109994025476, 0.7273464723955012, 0.7422686417762522, None)

epoch 4/30
ex_result
Accuracy:  0.7525513418168074
Confusion Metric: 
 [[2834  213    7  361   90   15   24]
 [ 162 1414   29   62   47    8   11]
 [   9   48  259    4    2    1    0]
 [ 416  104    3  990   49    3   13]
 [  90   65    1   64   91    1    4]
 [   8    2    0    2    0  188    7]
 [  14    5    0   15    3    2  197]]
Macro Precision/Recall/F-score:  (0.7211108661179917, 0.7251077938326064, 0.722332012878774, None)
Accuracy:  0.7963966234093486
Confusion Metric: 
 [[3055  194    7  213   39   13   23]
 [ 218 1435   25   19   23    6    7]
 [  16   49  256    0    1    1    0]
 [ 374   61    1 1113   21    2    6]
 [ 128   61    1   37   85    1    3]
 [  14    1    0    1    0  187    4]
 [  22    4    0   17    2    1  190]]
Macro Precision/Recall/F-score:  (0.7814043534277053, 0.7379158220029322, 0.753840336914462, None)

epoch 5/30
ex_result
Accuracy:  0.7557011465289152
Confusion Metric: 
 [[2890  203    9  336   70   14   22]
 [ 191 1407   24   55   41    7    8]
 [  12   46  260    3    1    1    0]
 [ 453   92    4  972   43    3   11]
 [  96   61    1   62   91    2    3]
 [  13    1    0    2    0  184    7]
 [  18    4    0   16    3    1  194]]
Macro Precision/Recall/F-score:  (0.7331946029680056, 0.7210243240194801, 0.725929692787766, None)
Accuracy:  0.7907269749275545
Confusion Metric: 
 [[3094  215    8  143   51   12   21]
 [ 212 1449   21   18   22    6    5]
 [  17   47  258    0    0    1    0]
 [ 447   78    2 1006   36    2    7]
 [ 127   67    1   34   83    1    3]
 [  13    1    0    1    0  188    4]
 [  22    4    0   10    2    0  198]]
Macro Precision/Recall/F-score:  (0.7771692359443049, 0.7364683505350723, 0.7513685619897862, None)

epoch 6/30
ex_result
Accuracy:  0.7555751543404309
Confusion Metric: 
 [[2861  220    9  352   71   10   21]
 [ 164 1435   25   57   40    5    7]
 [  13   48  255    5    1    1    0]
 [ 431  104    4  985   38    3   13]
 [  90   65    1   67   87    2    4]
 [  15    1    0    4    0  180    7]
 [  15    4    0   17    5    1  194]]
Macro Precision/Recall/F-score:  (0.7329487754849097, 0.7165601254207496, 0.7233606463471788, None)
Accuracy:  0.794128764016631
Confusion Metric: 
 [[2994  248    8  213   48   11   22]
 [ 160 1504   18   19   23    4    5]
 [  15   55  250    1    1    1    0]
 [ 371   76    1 1096   28    2    4]
 [ 116   71    1   43   82    1    2]
 [  13    1    0    1    0  188    4]
 [  20    5    0   19    2    1  189]]
Macro Precision/Recall/F-score:  (0.7787667728475679, 0.7356806986320591, 0.7520837150716563, None)

epoch 7/30
ex_result
Accuracy:  0.7515434043089328
Confusion Metric: 
 [[2827  208    8  382   73   15   31]
 [ 173 1402   30   64   45    8   11]
 [  15   51  252    2    2    1    0]
 [ 416   95    3 1001   46    3   14]
 [  84   64    1   67   94    1    5]
 [  12    1    0    2    0  185    7]
 [  11    6    0   13    1    1  204]]
Macro Precision/Recall/F-score:  (0.7217171925575961, 0.725259419392963, 0.7220896988968005, None)
Accuracy:  0.7943807483935996
Confusion Metric: 
 [[3033  204    8  220   43    8   28]
 [ 219 1424   28   23   25    6    8]
 [  18   40  263    0    1    1    0]
 [ 370   56    1 1120   22    2    7]
 [ 121   64    1   46   78    1    5]
 [  12    1    0    1    0  189    4]
 [  20    2    0   14    2    0  198]]
Macro Precision/Recall/F-score:  (0.7737388969641926, 0.7429102526052717, 0.753177962688268, None)

epoch 8/30
ex_result
Accuracy:  0.7496535214816681
Confusion Metric: 
 [[2887  216    6  330   66   13   26]
 [ 185 1423   21   56   33    7    8]
 [  16   51  253    1    1    1    0]
 [ 484  106    3  921   50    3   11]
 [  96   71    1   53   88    2    5]
 [  13    1    0    2    0  184    7]
 [  14    6    0   17    3    2  194]]
Macro Precision/Recall/F-score:  (0.7292684182803858, 0.7131530603687697, 0.7191351352936861, None)
Accuracy:  0.7947587249590525
Confusion Metric: 
 [[3020  209    6  230   35    9   35]
 [ 204 1464   17   18   18    5    7]
 [  14   55  253    0    0    1    0]
 [ 360   69    1 1115   26    2    5]
 [ 127   65    1   43   72    1    7]
 [  12    1    0    1    0  189    4]
 [  18    3    0   17    2    1  195]]
Macro Precision/Recall/F-score:  (0.775985361680772, 0.736279633167346, 0.7487519710608604, None)

epoch 9/30
ex_result
Accuracy:  0.7502834824240897
Confusion Metric: 
 [[2827  213    9  410   52   13   20]
 [ 182 1396   24   84   33    6    8]
 [  16   54  249    3    1    0    0]
 [ 405   86    4 1035   33    3   12]
 [  92   72    1   73   73    1    4]
 [  13    1    0    3    0  183    7]
 [  15    5    0   20    3    1  192]]
Macro Precision/Recall/F-score:  (0.7303311111859728, 0.7083781538993771, 0.7163973495376709, None)
Accuracy:  0.7995464281214565
Confusion Metric: 
 [[3030  203   10  237   35    8   21]
 [ 224 1442   21   26   12    5    3]
 [  15   45  262    0    0    1    0]
 [ 326   57    3 1162   23    2    5]
 [ 127   68    1   53   65    1    1]
 [   9    1    0    1    0  192    4]
 [  24    2    0   14    3    0  193]]
Macro Precision/Recall/F-score:  (0.7857788675473899, 0.7407998495295477, 0.7553497419231228, None)

epoch 10/30
ex_result
Accuracy:  0.7509134433665112
Confusion Metric: 
 [[2779  285    8  369   62   14   27]
 [ 142 1467   26   61   24    6    7]
 [  11   59  250    2    0    1    0]
 [ 407  109    5 1002   40    3   12]
 [  76   83    1   68   81    1    6]
 [  13    1    0    1    0  185    7]
 [  16    6    0   17    0    1  196]]
Macro Precision/Recall/F-score:  (0.7278214081712416, 0.7171690497319447, 0.7192922706699794, None)
Accuracy:  0.7999244046869094
Confusion Metric: 
 [[3059  233    8  180   35    4   25]
 [ 188 1492   21   16    9    3    4]
 [  12   51  259    0    0    1    0]
 [ 389   78    3 1075   25    1    7]
 [ 121   76    1   42   72    1    3]
 [  11    1    0    0    0  192    3]
 [  23    5    0    6    2    0  200]]
Macro Precision/Recall/F-score:  (0.7939230913798961, 0.7442893433342691, 0.7599808308925843, None)

epoch 11/30
ex_result
Accuracy:  0.7467557011465289
Confusion Metric: 
 [[2799  238    8  394   66   14   25]
 [ 166 1439   30   52   30    6   10]
 [  14   45  259    4    0    1    0]
 [ 437  114    4  970   39    3   11]
 [  86   82    1   63   79    1    4]
 [  14    1    0    2    0  183    7]
 [  13    3    0   22    0    0  198]]
Macro Precision/Recall/F-score:  (0.7240796806302381, 0.7156769007774626, 0.717583212125274, None)
Accuracy:  0.7972785687287388
Confusion Metric: 
 [[3042  232    8  191   40    4   27]
 [ 188 1479   24   15   18    4    5]
 [  17   41  264    0    0    1    0]
 [ 370   84    3 1087   28    2    4]
 [ 120   71    1   39   82    1    2]
 [  17    1    0    0    0  185    4]
 [  20    2    0   24    1    0  189]]
Macro Precision/Recall/F-score:  (0.7863549310371648, 0.7388615049903201, 0.7564615152282289, None)

epoch 12/30
ex_result
Accuracy:  0.7492755449162152
Confusion Metric: 
 [[2774  240    8  448   40   13   21]
 [ 163 1448   23   66   20    6    7]
 [  12   53  253    4    0    1    0]
 [ 394  101    5 1033   33    2   10]
 [  87   75    1   82   66    1    4]
 [  15    1    0    2    0  183    6]
 [  18    4    0   23    0    1  190]]
Macro Precision/Recall/F-score:  (0.7353352419146901, 0.7077411418804916, 0.7159500738266534, None)
Accuracy:  0.7996724203099408
Confusion Metric: 
 [[2987  233    7  263   28    7   19]
 [ 192 1484   19   21   11    3    3]
 [  13   42  267    0    0    1    0]
 [ 323   73    2 1157   19    1    3]
 [ 122   70    1   49   70    1    3]
 [  13    1    0    0    0  190    3]
 [  22    2    0   19    1    0  192]]
Macro Precision/Recall/F-score:  (0.8001140776560417, 0.7445623090046192, 0.7620042137867127, None)

epoch 13/30
ex_result
Accuracy:  0.755197177774978
Confusion Metric: 
 [[2944  218    9  278   61   14   20]
 [ 198 1411   26   56   30    6    6]
 [  16   50  253    2    1    1    0]
 [ 499   99    6  924   37    3   10]
 [  92   70    1   62   85    1    5]
 [  14    1    0    1    0  185    6]
 [  18    5    0   17    3    1  192]]
Macro Precision/Recall/F-score:  (0.7369565891197355, 0.7128563352696461, 0.7221672795250103, None)
Accuracy:  0.8000503968753937
Confusion Metric: 
 [[3100  199    7  162   50    9   17]
 [ 225 1438   23   21   18    5    3]
 [  18   43  261    0    0    1    0]
 [ 414   48    4 1069   36    3    4]
 [ 128   63    1   32   89    1    2]
 [   9    1    0    0    0  194    3]
 [  24    2    0   10    1    0  199]]
Macro Precision/Recall/F-score:  (0.7918608725243271, 0.7502922998187268, 0.7663732390628664, None)

epoch 14/30
ex_result
Accuracy:  0.7514174121204485
Confusion Metric: 
 [[2949  218    9  280   52   14   22]
 [ 191 1437   27   44   23    5    6]
 [  14   56  251    1    0    1    0]
 [ 543  104    4  875   37    3   12]
 [  97   86    1   52   74    1    5]
 [  13    1    0    2    0  184    7]
 [  17    6    0   17    1    1  194]]
Macro Precision/Recall/F-score:  (0.7338675133831695, 0.7054282405871815, 0.7148817419000268, None)
Accuracy:  0.7946327327705682
Confusion Metric: 
 [[3126  224    9  131   24    9   21]
 [ 198 1485   27   12    4    2    5]
 [  15   45  262    0    0    1    0]
 [ 480   82    2  982   23    2    7]
 [ 128   89    1   35   58    1    4]
 [   7    1    0    0    0  196    3]
 [  26    3    0    9    0    0  198]]
Macro Precision/Recall/F-score:  (0.7940964272871366, 0.7345413170194746, 0.7489802621998971, None)

epoch 15/30
ex_result
Accuracy:  0.7477636386544034
Confusion Metric: 
 [[2835  215   10  389   56   14   25]
 [ 196 1406   33   54   29    6    9]
 [  11   43  266    2    0    1    0]
 [ 457  100    4  968   34    3   12]
 [  96   76    1   61   76    1    5]
 [  11    1    0    2    0  186    7]
 [  17    3    0   17    0    1  198]]
Macro Precision/Recall/F-score:  (0.7258579888638759, 0.7180368111057899, 0.7190000266680211, None)
Accuracy:  0.7970265843517702
Confusion Metric: 
 [[3050  190    7  215   44   10   28]
 [ 221 1436   23   26   18    3    6]
 [  15   47  259    1    0    1    0]
 [ 382   55    2 1098   31    3    7]
 [ 124   64    1   38   84    1    4]
 [  11    1    0    0    0  191    4]
 [  17    1    0   10    0    0  208]]
Macro Precision/Recall/F-score:  (0.7821026035309139, 0.7509699251574091, 0.7611664073112462, None)

epoch 16/30
ex_result
Accuracy:  0.7462517323925917
Confusion Metric: 
 [[2853  237   14  322   73   13   32]
 [ 176 1422   32   41   47    6    9]
 [  12   47  261    1    1    1    0]
 [ 480  113    5  905   59    3   13]
 [  86   79    1   46   97    1    6]
 [  12    1    0    2    0  186    6]
 [  17    4    0   14    1    1  199]]
Macro Precision/Recall/F-score:  (0.718154460025813, 0.7222654832910268, 0.7186871510021947, None)
Accuracy:  0.7893410608542271
Confusion Metric: 
 [[3101  200   11  139   60   11   22]
 [ 214 1443   31    9   30    5    1]
 [  13   45  264    0    0    1    0]
 [ 480   77    3  957   50    2    9]
 [ 123   67    1   22  100    1    2]
 [   9    1    0    0    0  194    3]
 [  22    1    0    5    2    0  206]]
Macro Precision/Recall/F-score:  (0.7762873423367919, 0.751142369477483, 0.759416466590784, None)

epoch 17/30
ex_result
Accuracy:  0.7486455839737937
Confusion Metric: 
 [[2849  219   13  360   63   14   26]
 [ 197 1404   31   51   34    6   10]
 [  14   43  263    2    0    1    0]
 [ 459   94    5  964   40    3   13]
 [  94   78    1   57   80    1    5]
 [  11    1    0    3    0  186    6]
 [  19    4    0   16    0    1  196]]
Macro Precision/Recall/F-score:  (0.7227438243599982, 0.7173449742693432, 0.7179938200113977, None)
Accuracy:  0.7956406702784428
Confusion Metric: 
 [[3061  204    6  200   46    5   22]
 [ 220 1443   21   20   18    5    6]
 [  17   48  257    0    0    1    0]
 [ 388   68    2 1080   28    3    9]
 [ 126   70    1   34   79    1    5]
 [  12    1    0    1    0  189    4]
 [  21    2    0    7    0    0  206]]
Macro Precision/Recall/F-score:  (0.7840293052317069, 0.7446249372125345, 0.7582733404834181, None)

epoch 18/30
ex_result
Accuracy:  0.7475116542774348
Confusion Metric: 
 [[2931  183   10  327   59   12   22]
 [ 232 1375   32   41   42    6    5]
 [  14   42  265    2    0    0    0]
 [ 516   89    5  902   52    3   11]
 [ 101   70    1   55   84    1    4]
 [  12    1    0    3    0  185    6]
 [  22    4    0   17    2    0  191]]
Macro Precision/Recall/F-score:  (0.729397351019367, 0.7116230155780092, 0.7188968222438802, None)
Accuracy:  0.7950107093360211
Confusion Metric: 
 [[3114  173    8  184   42    5   18]
 [ 255 1402   27   17   25    4    3]
 [  17   42  262    2    0    0    0]
 [ 421   53    2 1061   34    2    5]
 [ 131   63    1   34   83    1    3]
 [  12    1    0    0    0  190    4]
 [  23    4    0    9    2    0  198]]
Macro Precision/Recall/F-score:  (0.78850777747045, 0.7415287395780477, 0.7601024068917335, None)

epoch 19/30
ex_result
Accuracy:  0.7545672168325563
Confusion Metric: 
 [[2984  186    9  287   51   10   17]
 [ 231 1374   31   51   34    5    7]
 [  13   43  263    2    1    1    0]
 [ 518   81    4  916   43    3   13]
 [ 112   66    1   48   83    1    5]
 [  16    1    0    3    2  177    8]
 [  24    1    0   16    2    1  192]]
Macro Precision/Recall/F-score:  (0.7382309110427697, 0.7086920508355397, 0.7207160675619164, None)
Accuracy:  0.791734912435429
Confusion Metric: 
 [[3136  172    9  151   46    5   25]
 [ 262 1379   26   20   34    4    8]
 [  18   41  262    1    0    1    0]
 [ 462   48    1 1019   39    2    7]
 [ 132   57    1   29   92    1    4]
 [  12    1    0    0    0  191    3]
 [  23    1    0    6    1    0  205]]
Macro Precision/Recall/F-score:  (0.7825818987751657, 0.7457134352649611, 0.7596320192889185, None)

epoch 20/30
ex_result
Accuracy:  0.7543152324555877
Confusion Metric: 
 [[2968  208   15  282   44   10   17]
 [ 219 1400   39   37   27    4    7]
 [  13   38  270    1    1    0    0]
 [ 527   99    5  890   43    3   11]
 [ 104   69    2   53   84    1    3]
 [  14    1    0    2    0  184    6]
 [  25    2    0   16    0    2  191]]
Macro Precision/Recall/F-score:  (0.7406775522303013, 0.7156102194724486, 0.7243277522127968, None)
Accuracy:  0.7967745999748016
Confusion Metric: 
 [[3115  215    9  154   32    5   14]
 [ 226 1439   34   13   16    2    3]
 [  15   40  268    0    0    0    0]
 [ 434   64    3 1046   25    2    4]
 [ 137   73    1   34   68    1    2]
 [  12    1    0    0    0  191    3]
 [  30    3    0    6    0    0  197]]
Macro Precision/Recall/F-score:  (0.7957921582172185, 0.7392184324334431, 0.7581694117610328, None)

epoch 21/30
ex_result
Accuracy:  0.7511654277434799
Confusion Metric: 
 [[2950  216   12  280   44   14   28]
 [ 210 1407   35   42   25    4   10]
 [  14   46  260    2    0    1    0]
 [ 531  107    5  887   33    3   12]
 [ 108   73    1   52   76    1    5]
 [  13    1    0    2    0  185    6]
 [  22    4    0   11    1    1  197]]
Macro Precision/Recall/F-score:  (0.7320940066471439, 0.7114727236907931, 0.7165597420270066, None)
Accuracy:  0.798160514048129
Confusion Metric: 
 [[3154  195    8  124   37    5   21]
 [ 225 1439   32   10   19    2    6]
 [  17   40  263    2    0    1    0]
 [ 469   64    1 1013   25    2    4]
 [ 134   68    1   34   75    1    3]
 [  15    1    0    0    0  187    4]
 [  24    2    0    6    0    0  204]]
Macro Precision/Recall/F-score:  (0.7941438951340214, 0.7402329088861466, 0.7584423128955643, None)

epoch 22/30
ex_result
Accuracy:  0.7510394355549956
Confusion Metric: 
 [[2902  199    9  357   44   12   21]
 [ 214 1387   30   57   29    6   10]
 [  14   47  257    3    1    1    0]
 [ 479   85    5  959   37    3   10]
 [ 103   70    1   59   79    1    3]
 [  11    1    0    4    0  185    6]
 [  22    3    0   17    1    1  192]]
Macro Precision/Recall/F-score:  (0.7358158693074504, 0.7114101496877228, 0.7203135566319142, None)
Accuracy:  0.7966486077863173
Confusion Metric: 
 [[3117  178    6  176   43    5   19]
 [ 259 1393   22   23   28    4    4]
 [  16   45  260    1    0    1    0]
 [ 404   48    2 1087   32    1    4]
 [ 131   61    1   39   81    1    2]
 [  16    1    0    1    0  184    5]
 [  23    1    0   10    1    0  201]]
Macro Precision/Recall/F-score:  (0.790135564145416, 0.739148031020015, 0.759715214310173, None)

epoch 23/30
ex_result
Accuracy:  0.7502834824240897
Confusion Metric: 
 [[2864  212   11  368   58   13   18]
 [ 206 1394   33   58   29    5    8]
 [  13   42  264    1    2    1    0]
 [ 456   96    5  969   39    3   10]
 [  97   71    1   56   86    2    3]
 [  10    2    0    2    2  185    6]
 [  24    3    0   13    1    2  193]]
Macro Precision/Recall/F-score:  (0.7330895072662068, 0.7182265839441688, 0.7237506265366562, None)
Accuracy:  0.7991684515560036
Confusion Metric: 
 [[3051  201    7  213   49    6   17]
 [ 218 1433   21   27   25    5    4]
 [  14   45  261    0    2    1    0]
 [ 355   64    2 1119   30    2    6]
 [ 121   65    1   37   90    1    1]
 [  15    1    0    0    0  188    3]
 [  26    1    0    7    1    0  201]]
Macro Precision/Recall/F-score:  (0.7907657369421887, 0.7499534353521157, 0.7666087627016369, None)

epoch 24/30
ex_result
Accuracy:  0.7502834824240897
Confusion Metric: 
 [[2879  223    8  328   63   13   30]
 [ 197 1411   29   46   35    6    9]
 [  13   45  261    3    0    1    0]
 [ 484  102    5  927   45    3   12]
 [  92   70    1   55   92    1    5]
 [  10    2    0    2    1  186    6]
 [  16    3    0   15    3    0  199]]
Macro Precision/Recall/F-score:  (0.7293700872975762, 0.7221380378856334, 0.7238181534207813, None)
Accuracy:  0.7958926546554114
Confusion Metric: 
 [[3101  183    5  168   56    7   24]
 [ 239 1396   37   16   34    6    5]
 [  16   41  264    1    0    1    0]
 [ 401   67    3 1064   36    2    5]
 [ 121   58    1   32   98    1    5]
 [  14    1    0    0    0  188    4]
 [  22    1    0    6    1    0  206]]
Macro Precision/Recall/F-score:  (0.7785211351094349, 0.7519098165905513, 0.7621668108797374, None)

epoch 25/30
ex_result
Accuracy:  0.746377724581076
Confusion Metric: 
 [[2984  181    8  293   42   12   24]
 [ 274 1332   25   59   28    5   10]
 [  17   53  249    3    0    1    0]
 [ 524   91    5  895   47    3   13]
 [ 111   62    1   56   79    1    6]
 [  12    1    0    2    1  185    6]
 [  21    2    0   11    2    0  200]]
Macro Precision/Recall/F-score:  (0.7337623609930939, 0.7056921011640827, 0.7156722885526415, None)
Accuracy:  0.7919868968123976
Confusion Metric: 
 [[3171  149    4  174   20    6   20]
 [ 327 1325   27   24   20    4    6]
 [  19   44  258    1    0    1    0]
 [ 428   46    1 1069   24    3    7]
 [ 147   56    1   39   67    1    5]
 [  13    1    0    1    0  189    3]
 [  22    1    0    6    0    0  207]]
Macro Precision/Recall/F-score:  (0.793998601811044, 0.73395866407741, 0.753020548572888, None)

epoch 26/30
ex_result
Accuracy:  0.750409474612574
Confusion Metric: 
 [[2936  205    7  322   47   10   17]
 [ 229 1390   29   52   20    5    8]
 [  17   49  254    2    0    1    0]
 [ 508   96    3  921   35    3   12]
 [ 107   65    1   62   75    1    5]
 [  13    1    0    2    0  185    6]
 [  23    2    0   14    2    0  195]]
Macro Precision/Recall/F-score:  (0.7417787562555578, 0.7082686321333629, 0.720496064998064, None)
Accuracy:  0.7957666624669271
Confusion Metric: 
 [[3163  166    4  158   33    4   16]
 [ 277 1391   24   15   19    4    3]
 [  19   46  256    1    0    1    0]
 [ 449   56    1 1039   27    2    4]
 [ 142   58    1   32   80    1    2]
 [  14    1    0    0    0  188    4]
 [  28    2    0    6    1    0  199]]
Macro Precision/Recall/F-score:  (0.8028771523468555, 0.7358206027725729, 0.761014871548643, None)

epoch 27/30
ex_result
Accuracy:  0.754441224644072
Confusion Metric: 
 [[2998  180   13  264   53   12   24]
 [ 241 1363   36   49   29    5   10]
 [  15   41  264    2    0    1    0]
 [ 528   80    5  902   49    2   12]
 [ 102   66    1   60   80    1    6]
 [  15    1    0    2    0  183    6]
 [  21    3    0   13    1    0  198]]
Macro Precision/Recall/F-score:  (0.7320604547880648, 0.7139409814999443, 0.7198591145653818, None)
Accuracy:  0.7955146780899585
Confusion Metric: 
 [[3185  148    8  141   40    4   18]
 [ 292 1359   30   16   27    5    4]
 [  17   43  261    1    0    1    0]
 [ 449   48    3 1033   36    2    7]
 [ 141   54    1   32   85    1    2]
 [  15    1    0    0    0  189    2]
 [  27    1    0    5    1    0  202]]
Macro Precision/Recall/F-score:  (0.7915890581844209, 0.7405042809706817, 0.7602460389955382, None)

epoch 28/30
ex_result
Accuracy:  0.7526773340052917
Confusion Metric: 
 [[2934  198   15  326   36   11   24]
 [ 222 1394   39   45   18    5   10]
 [  14   35  272    2    0    0    0]
 [ 492   97    7  923   43    3   13]
 [  96   79    2   63   69    2    5]
 [  15    1    0    2    0  183    6]
 [  23    2    0   12    0    0  199]]
Macro Precision/Recall/F-score:  (0.7308602551870844, 0.7149884547645332, 0.717666688289159, None)
Accuracy:  0.7967745999748016
Confusion Metric: 
 [[3117  195    6  176   21    4   25]
 [ 244 1430   26   16   11    4    2]
 [  14   46  263    0    0    0    0]
 [ 422   58    2 1066   21    2    7]
 [ 134   77    1   37   63    1    3]
 [  22    1    0    0    0  180    4]
 [  21    2    0    8    0    0  205]]
Macro Precision/Recall/F-score:  (0.7991925416423449, 0.7331471247770683, 0.7529309655497959, None)

epoch 29/30
ex_result
Accuracy:  0.7494015371046995
Confusion Metric: 
 [[2947  180    8  325   49   12   23]
 [ 258 1361   28   47   24    4   11]
 [  14   44  261    3    0    1    0]
 [ 505   88    4  917   49    3   12]
 [ 100   71    1   63   76    1    4]
 [  13    1    0    1    0  186    6]
 [  21    1    0   12    2    0  200]]
Macro Precision/Recall/F-score:  (0.7339605788924933, 0.7132241661419952, 0.7203645071838477, None)
Accuracy:  0.7923648733778506
Confusion Metric: 
 [[3145  167    5  151   52    4   20]
 [ 279 1378   24   17   28    3    4]
 [  13   47  262    0    0    1    0]
 [ 455   55    1 1024   34    2    7]
 [ 125   63    1   36   88    1    2]
 [  13    1    0    0    0  190    3]
 [  27    1    0    4    2    0  202]]
Macro Precision/Recall/F-score:  (0.7901231934761102, 0.7421320105533998, 0.7613074900563002, None)

best_epoch:  23 0.7666087627016369 0.7991684515560036


valid f1:  0.767230872272696 [0.7650446860306327, 0.7700391680858185, 0.7666087627016369]
valid acc: 0.7964806182016715 [0.7890890764772585, 0.8011843265717525, 0.7991684515560036]
