['/home/lizhuoqun/SE_type_code', '/home/lizhuoqun/anconda/envs/py38/lib/python38.zip', '/home/lizhuoqun/anconda/envs/py38/lib/python3.8', '/home/lizhuoqun/anconda/envs/py38/lib/python3.8/lib-dynload', '/home/lizhuoqun/anconda/envs/py38/lib/python3.8/site-packages', '/home/lizhuoqun/SE_type_code/data', '/home/lizhuoqun/SE_type_code/tools', '/home/lizhuoqun/SE_type_code/models', '/home/lizhuoqun/SE_type_code/pre_train']
sentence level BiLSTM
paragraph level BiLSTM
Namespace(BATCH_SIZE=128, DROPOUT=0.5, EPOCHs=30, EX_LOSS=1, FREEZE=0, IF_USE_EX_INITIAL_1=1, IF_USE_EX_INITIAL_2=0, LEARN_RATE=0.001, METHOD=0)


time= 1230
use 343 from author
Loading Data...
len(test_X):  981
len(train_X):  3803
MyModel

epoch 0/30
ex_result
Accuracy:  0.7427239511150309
Confusion Metric: 
 [[2742  243    8  435   71   12   33]
 [ 188 1388   32   60   47    7   11]
 [  15   44  261    1    1    1    0]
 [ 401   80    3 1038   42    2   12]
 [  94   65    1   58   87    1   10]
 [  12    1    1    4    1  182    6]
 [  16    4    1   16    2    0  197]]
Macro Precision/Recall/F-score:  (0.716007039705045, 0.7185369671475265, 0.7160325789273153, None)
Accuracy:  0.7497795136701525
Confusion Metric: 
 [[3292  127    4   92    0    8   21]
 [ 448 1230   36   12    0    4    3]
 [  25   32  265    0    0    1    0]
 [ 704   38    1  827    1    2    5]
 [ 230   49    2   29    3    1    2]
 [  42    1    0    2    0  160    2]
 [  46    3    0   13    0    0  174]]
Macro Precision/Recall/F-score:  (0.8181488974027903, 0.6432698569719391, 0.6690792749189486, None)

epoch 1/30
ex_result
Accuracy:  0.7468816933350132
Confusion Metric: 
 [[2729  245    6  466   55   15   28]
 [ 181 1408   27   68   31    7   11]
 [  16   45  258    2    1    1    0]
 [ 373   86    3 1076   29    3    8]
 [  91   74    1   67   75    1    7]
 [  12    1    1    3    1  183    6]
 [  19    2    0   15    1    0  199]]
Macro Precision/Recall/F-score:  (0.7269076501696762, 0.7182507542308355, 0.7191851569864781, None)
Accuracy:  0.7856872873881819
Confusion Metric: 
 [[3065  191    2  244   16   11   15]
 [ 258 1417   13   33    4    5    3]
 [  22   52  248    0    0    1    0]
 [ 390   49    0 1128    6    2    3]
 [ 158   67    1   57   29    1    3]
 [  21    1    0    2    0  180    3]
 [  35    3    0   27    2    0  169]]
Macro Precision/Recall/F-score:  (0.7913090397188309, 0.6917955781945831, 0.7181866251855196, None)

epoch 2/30
ex_result
Accuracy:  0.7492755449162152
Confusion Metric: 
 [[2775  255    4  412   60   11   27]
 [ 168 1425   22   64   38    6   10]
 [  15   49  256    1    1    1    0]
 [ 410   89    2 1027   40    2    8]
 [  92   73    1   57   86    1    6]
 [  16    1    1    3    1  180    5]
 [  20    3    0   15    0    0  198]]
Macro Precision/Recall/F-score:  (0.735262951785146, 0.7184829588858525, 0.7247298005913996, None)
Accuracy:  0.7851833186342447
Confusion Metric: 
 [[2965  264    6  255   15   13   26]
 [ 175 1480   32   35    1    5    5]
 [  12   41  269    0    0    1    0]
 [ 394   63    0 1109    8    1    3]
 [ 123   93    2   59   32    1    6]
 [  15    1    0    2    0  186    3]
 [  22    4    1   18    0    0  191]]
Macro Precision/Recall/F-score:  (0.7806981769889422, 0.7193399896046312, 0.7259376481384614, None)

epoch 3/30
ex_result
Accuracy:  0.7490235605392466
Confusion Metric: 
 [[2754  257    4  425   63   12   29]
 [ 163 1431   19   67   37    6   10]
 [  15   56  250    1    0    1    0]
 [ 385   89    2 1049   41    3    9]
 [  97   70    1   57   84    1    6]
 [  15    1    1    4    1  181    4]
 [  20    1    0   17    1    1  196]]
Macro Precision/Recall/F-score:  (0.7320508263463338, 0.716044354744094, 0.721677453080734, None)
Accuracy:  0.7748519591785309
Confusion Metric: 
 [[2671  275    2  499   52   18   27]
 [ 145 1494   14   49   19    5    7]
 [  11   57  252    2    0    1    0]
 [ 214   48    0 1291   19    2    4]
 [  88   72    1   81   68    1    5]
 [  11    1    0    2    0  191    2]
 [  14    4    0   34    0    1  183]]
Macro Precision/Recall/F-score:  (0.7591327095774832, 0.732483702487631, 0.7375154210622596, None)

epoch 4/30
ex_result
Accuracy:  0.7490235605392466
Confusion Metric: 
 [[2746  216    5  475   66   10   26]
 [ 180 1377   27   82   51    5   11]
 [  15   47  257    2    1    1    0]
 [ 345   79    2 1099   42    3    8]
 [  92   63    1   65   88    1    6]
 [  17    1    1    3    1  179    5]
 [  15    1    1   18    2    0  199]]
Macro Precision/Recall/F-score:  (0.7302767204438281, 0.7211370099485802, 0.7243282170447322, None)
Accuracy:  0.7850573264457603
Confusion Metric: 
 [[2834  212    1  430   25   12   30]
 [ 184 1420   15   77   24    5    8]
 [  18   50  253    1    0    1    0]
 [ 232   36    0 1295   10    2    3]
 [ 107   62    1   80   59    1    6]
 [  15    1    0    3    0  184    4]
 [  16    4    0   29    1    0  186]]
Macro Precision/Recall/F-score:  (0.7741465633456129, 0.7266748403113722, 0.7383607651857441, None)

epoch 5/30
ex_result
Accuracy:  0.7509134433665112
Confusion Metric: 
 [[2790  192    5  475   44   12   26]
 [ 209 1360   21   88   35    7   13]
 [  18   53  249    1    1    1    0]
 [ 369   68    2 1099   30    3    7]
 [  97   55    1   73   83    1    6]
 [  16    1    1    4    1  179    5]
 [  12    1    1   20    2    0  200]]
Macro Precision/Recall/F-score:  (0.7397061433956971, 0.7163159346042755, 0.7242102642830576, None)
Accuracy:  0.7868212170845408
Confusion Metric: 
 [[2936  165    2  373   32   10   26]
 [ 246 1381   15   60   17    5    9]
 [  26   45  251    0    0    1    0]
 [ 283   36    0 1244   10    2    3]
 [ 122   50    1   76   63    1    3]
 [  16    1    0    2    0  185    3]
 [  17    3    0   30    1    0  185]]
Macro Precision/Recall/F-score:  (0.7833890348740561, 0.7239630154695017, 0.7423511878996488, None)

epoch 6/30
ex_result
Accuracy:  0.7485195917853094
Confusion Metric: 
 [[2776  225    6  445   54   15   23]
 [ 184 1391   29   61   51    7   10]
 [  14   45  263    1    0    0    0]
 [ 393   86    3 1046   40    3    7]
 [  88   65    1   61   97    1    3]
 [  16    1    1    3    1  180    5]
 [  18    4    1   22    3    0  188]]
Macro Precision/Recall/F-score:  (0.7327460252612926, 0.7194561930333185, 0.7251100927581454, None)
Accuracy:  0.7869472092730251
Confusion Metric: 
 [[2818  251    4  400   34   12   25]
 [ 166 1481   19   42   15    5    5]
 [  15   48  258    1    0    1    0]
 [ 250   53    0 1252   18    2    3]
 [ 104   72    1   69   65    1    4]
 [  11    1    0    2    0  189    4]
 [  16    4    0   32    1    0  183]]
Macro Precision/Recall/F-score:  (0.7751470632546101, 0.7337240779991466, 0.7447577890867718, None)

epoch 7/30
ex_result
Accuracy:  0.7516693964974172
Confusion Metric: 
 [[2778  250    5  414   56   13   28]
 [ 172 1416   28   66   32    8   11]
 [  12   50  259    1    0    1    0]
 [ 391   91    3 1050   33    3    7]
 [  83   73    2   65   85    1    7]
 [  14    1    1    3    1  181    6]
 [  17    1    1   18    2    0  197]]
Macro Precision/Recall/F-score:  (0.7314082167230568, 0.7209037596159636, 0.7235663653015874, None)
Accuracy:  0.7819075217336525
Confusion Metric: 
 [[2749  286    3  419   46   11   30]
 [ 140 1497   19   44   20    5    8]
 [  12   57  252    1    0    1    0]
 [ 232   66    0 1248   25    2    5]
 [  85   70    1   76   77    1    6]
 [  12    1    0    1    0  189    4]
 [  13    4    0   24    1    0  194]]
Macro Precision/Recall/F-score:  (0.7647755642028221, 0.7413293874502224, 0.7463692421056101, None)

epoch 8/30
ex_result
Accuracy:  0.7505354668010583
Confusion Metric: 
 [[2772  201    7  468   56   11   29]
 [ 192 1361   32   84   46    7   11]
 [  14   45  262    1    0    1    0]
 [ 364   71    2 1104   27    3    7]
 [  88   58    2   79   79    1    9]
 [  16    1    1    3    1  180    5]
 [  14    1    1   19    2    0  199]]
Macro Precision/Recall/F-score:  (0.7274483318917039, 0.7201516024599368, 0.7213792352891392, None)
Accuracy:  0.7850573264457603
Confusion Metric: 
 [[2836  197    4  426   45   11   25]
 [ 190 1409   19   61   43    6    5]
 [  17   47  256    2    0    1    0]
 [ 245   39    0 1268   22    2    2]
 [  96   47    1   83   84    1    4]
 [  11    1    1    2    0  188    4]
 [  14    4    0   27    1    0  190]]
Macro Precision/Recall/F-score:  (0.7693822536923927, 0.7412150356282539, 0.7510985755116776, None)

epoch 9/30
ex_result
Accuracy:  0.7483935995968249
Confusion Metric: 
 [[2700  256    6  478   66   12   26]
 [ 153 1420   27   65   51    7   10]
 [  11   49  261    1    0    1    0]
 [ 346   87    2 1096   35    3    9]
 [  89   65    2   69   84    1    6]
 [  13    1    1    3    0  183    6]
 [  18    3    1   14    4    0  196]]
Macro Precision/Recall/F-score:  (0.7256405917739512, 0.723461169869944, 0.7229390564215219, None)
Accuracy:  0.7821595061106211
Confusion Metric: 
 [[2707  268    5  483   47   11   23]
 [ 128 1484   19   67   26    5    4]
 [  11   51  258    2    0    1    0]
 [ 205   44    0 1306   19    3    1]
 [  81   64    1   86   78    1    5]
 [  11    2    1    3    0  186    4]
 [  16    4    0   24    3    0  189]]
Macro Precision/Recall/F-score:  (0.769686066391459, 0.7418242649120603, 0.7489520024834686, None)

epoch 10/30
ex_result
Accuracy:  0.7499055058586368
Confusion Metric: 
 [[2690  244    5  506   60   10   29]
 [ 157 1417   25   72   44    7   11]
 [  12   47  262    2    0    0    0]
 [ 327   83    3 1114   38    3   10]
 [  75   66    1   73   93    1    7]
 [  18    1    1    4    0  178    5]
 [  17    2    1   16    2    0  198]]
Macro Precision/Recall/F-score:  (0.7327100585093403, 0.726711319345969, 0.7275424976980069, None)
Accuracy:  0.7859392717651505
Confusion Metric: 
 [[2718  274    3  450   66    9   24]
 [ 120 1498   19   48   36    5    7]
 [  15   46  260    1    0    1    0]
 [ 204   46    0 1287   36    2    3]
 [  83   62    1   68   98    1    3]
 [  14    1    1    4    0  184    3]
 [  17    4    0   19    3    0  193]]
Macro Precision/Recall/F-score:  (0.7690467711892008, 0.7526688596166965, 0.7578331796368943, None)

epoch 11/30
ex_result
Accuracy:  0.7495275292931838
Confusion Metric: 
 [[2710  224    5  523   41   13   28]
 [ 181 1398   23   86   27    7   11]
 [  14   50  256    2    0    1    0]
 [ 328   79    3 1135   22    3    8]
 [  89   65    2   83   71    1    5]
 [  15    1    1    3    0  181    6]
 [  16    3    0   17    2    0  198]]
Macro Precision/Recall/F-score:  (0.7372326205626063, 0.7173233661829606, 0.7211793296793684, None)
Accuracy:  0.7844273655033388
Confusion Metric: 
 [[2775  247    2  450   30   13   27]
 [ 161 1466   17   63   11    5   10]
 [  18   54  249    1    0    1    0]
 [ 228   42    0 1287   14    2    5]
 [  90   67    1   93   60    1    4]
 [   9    1    0    1    0  192    4]
 [  15    5    0   19    0    0  197]]
Macro Precision/Recall/F-score:  (0.776494108489031, 0.738226864678242, 0.743867058806764, None)

epoch 12/30
ex_result
Accuracy:  0.7364243416908152
Confusion Metric: 
 [[2564  224    6  646   64   13   27]
 [ 156 1385   27  107   39    8   11]
 [  13   45  260    2    2    1    0]
 [ 276   75    3 1184   31    2    7]
 [  72   58    2  101   77    1    5]
 [  13    1    1    3    1  183    5]
 [  16    3    1   22    2    0  192]]
Macro Precision/Recall/F-score:  (0.7216282416555642, 0.7170324352259969, 0.7154028539347828, None)
Accuracy:  0.7822854982991054
Confusion Metric: 
 [[2771  218    3  448   69   10   25]
 [ 147 1436   18   76   40    6   10]
 [  15   48  255    3    1    1    0]
 [ 227   37    0 1283   25    2    4]
 [  90   53    1   87   80    1    4]
 [  10    1    0    3    0  189    4]
 [  17    4    0   19    1    0  195]]
Macro Precision/Recall/F-score:  (0.7591881174384039, 0.743644738531331, 0.7478808118112188, None)

epoch 13/30
ex_result
Accuracy:  0.7475116542774348
Confusion Metric: 
 [[2659  254    5  542   46   12   26]
 [ 154 1423   30   84   25    4   13]
 [  11   46  264    1    0    1    0]
 [ 313   88    3 1133   29    3    9]
 [  80   66    1   84   78    1    6]
 [  13    1    1    5    1  181    5]
 [  17    2    0   20    2    0  195]]
Macro Precision/Recall/F-score:  (0.7350210860820384, 0.7220341863258033, 0.7235974361830512, None)
Accuracy:  0.7863172483306035
Confusion Metric: 
 [[2789  238    3  437   40    9   28]
 [ 157 1459   25   64   16    4    8]
 [  17   40  264    1    0    1    0]
 [ 222   52    0 1280   17    2    5]
 [  89   67    1   87   66    1    5]
 [  10    1    0    3    0  190    3]
 [  17    5    0   20    1    0  193]]
Macro Precision/Recall/F-score:  (0.7704059761829024, 0.7431255914381074, 0.748051251486607, None)

epoch 14/30
ex_result
Accuracy:  0.737558271387174
Confusion Metric: 
 [[2537  256    6  662   41   12   30]
 [ 144 1423   24   98   30    5    9]
 [  11   52  258    1    0    1    0]
 [ 280   79    3 1179   25    3    9]
 [  69   72    2   86   79    1    7]
 [  11    1    1    5    0  183    6]
 [  15    6    0   19    1    0  195]]
Macro Precision/Recall/F-score:  (0.7337770871672572, 0.7204594700276251, 0.7202403787132345, None)
Accuracy:  0.7777497795136702
Confusion Metric: 
 [[2677  277    2  500   47   12   29]
 [ 125 1495   20   62   21    4    6]
 [  11   50  260    1    0    1    0]
 [ 207   56    0 1285   23    3    4]
 [  79   71    1   87   72    1    5]
 [   9    1    0    2    0  191    4]
 [  14    5    0   22    2    0  193]]
Macro Precision/Recall/F-score:  (0.7621401117119574, 0.7436646547726511, 0.7455576070806497, None)

epoch 15/30
ex_result
Accuracy:  0.7496535214816681
Confusion Metric: 
 [[2738  218    6  491   45   11   35]
 [ 169 1398   28   84   36    6   12]
 [  11   50  260    1    0    1    0]
 [ 352   75    3 1101   32    3   12]
 [  83   71    2   77   71    1   11]
 [  12    1    1    4    0  183    6]
 [  15    4    0   16    2    0  199]]
Macro Precision/Recall/F-score:  (0.7235424300728439, 0.7191287148864024, 0.7171647373032535, None)
Accuracy:  0.7887110999118054
Confusion Metric: 
 [[2794  247    3  437   22   11   30]
 [ 146 1476   25   60   15    3    8]
 [  11   43  267    1    0    1    0]
 [ 231   48    0 1276   17    2    4]
 [  95   75    1   87   51    1    6]
 [   9    1    0    0    0  193    4]
 [  14    3    0   16    0    0  203]]
Macro Precision/Recall/F-score:  (0.7721001852857958, 0.7470357008636858, 0.7463617716187593, None)

epoch 16/30
ex_result
Accuracy:  0.7448658183192642
Confusion Metric: 
 [[2670  191    4  600   48   11   20]
 [ 177 1362   24  113   44    5    8]
 [  15   50  256    1    0    1    0]
 [ 308   61    3 1170   28    2    6]
 [  86   56    2   91   79    1    1]
 [  13    1    0    5    1  182    5]
 [  19    2    0   21    1    0  193]]
Macro Precision/Recall/F-score:  (0.742199630522596, 0.7171920804984181, 0.7255483063141196, None)
Accuracy:  0.7806475998488094
Confusion Metric: 
 [[2788  184    2  487   52    8   23]
 [ 192 1399   14   79   40    4    5]
 [  18   56  244    3    1    1    0]
 [ 205   36    0 1315   18    3    1]
 [  89   60    1   89   73    1    3]
 [  10    1    0    2    0  190    4]
 [  14    5    0   26    4    0  187]]
Macro Precision/Recall/F-score:  (0.7687296845412658, 0.731994795750208, 0.7444385630353276, None)

epoch 17/30
ex_result
Accuracy:  0.7482676074083406
Confusion Metric: 
 [[2731  234    6  491   40   11   31]
 [ 173 1417   27   71   29    3   13]
 [  12   48  261    1    0    1    0]
 [ 373   82    3 1079   27    2   12]
 [  91   66    2   78   69    1    9]
 [  12    1    1    4    0  183    6]
 [  17    2    0   15    3    0  199]]
Macro Precision/Recall/F-score:  (0.7308187516640506, 0.7179592349593655, 0.7191043777159779, None)
Accuracy:  0.7883331233463525
Confusion Metric: 
 [[2805  242    7  426   27    8   29]
 [ 154 1484   24   49   12    3    7]
 [  13   45  263    1    0    1    0]
 [ 249   50    1 1257   16    2    3]
 [  92   70    1   86   60    1    6]
 [  11    1    0    3    0  188    4]
 [  13    6    1   15    1    0  200]]
Macro Precision/Recall/F-score:  (0.7769719063266677, 0.7434514451657704, 0.748119777805124, None)

epoch 18/30
ex_result
Accuracy:  0.748771576162278
Confusion Metric: 
 [[2781  162    7  508   40   17   29]
 [ 209 1325   27  109   44    7   12]
 [  15   44  262    2    0    0    0]
 [ 352   62    3 1121   28    3    9]
 [  90   54    2   89   72    1    8]
 [  12    1    0    3    0  185    6]
 [  20    2    0   14    3    0  197]]
Macro Precision/Recall/F-score:  (0.7269213400397273, 0.7181612485566944, 0.7185460266247159, None)
Accuracy:  0.7885851077233211
Confusion Metric: 
 [[2856  189    7  421   23   10   38]
 [ 183 1409   22   82   17    6   14]
 [  13   47  259    3    0    1    0]
 [ 239   33    0 1285   14    3    4]
 [ 111   53    2   90   52    1    7]
 [  10    1    0    0    0  192    4]
 [  13    3    1   13    0    0  206]]
Macro Precision/Recall/F-score:  (0.7658597508787314, 0.7428663007684884, 0.740888417969171, None)

epoch 19/30
ex_result
Accuracy:  0.7434799042459368
Confusion Metric: 
 [[2662  217    7  572   40   13   33]
 [ 181 1380   31   91   32    4   14]
 [  13   46  263    1    0    0    0]
 [ 323   72    4 1135   34    2    8]
 [  87   61    3   78   76    1   10]
 [  12    1    1    2    0  185    6]
 [  13    3    0   18    2    0  200]]
Macro Precision/Recall/F-score:  (0.7267270395355597, 0.7232322559451659, 0.7201591477458872, None)
Accuracy:  0.7774977951367015
Confusion Metric: 
 [[2704  213    4  546   28   11   38]
 [ 166 1439   18   78   17    3   12]
 [  16   51  252    3    0    1    0]
 [ 197   39    0 1321   15    3    3]
 [  92   58    1   96   61    1    7]
 [   8    1    0    2    0  192    4]
 [   9    3    0   22    0    0  202]]
Macro Precision/Recall/F-score:  (0.7676311481171247, 0.7410227797019838, 0.7409415328463194, None)

epoch 20/30
ex_result
Accuracy:  0.7483935995968249
Confusion Metric: 
 [[2712  231    6  502   53   14   26]
 [ 170 1397   33   81   36    4   12]
 [  10   46  266    1    0    0    0]
 [ 355   76    3 1104   31    2    7]
 [  88   64    3   73   81    1    6]
 [  14    1    1    2    0  184    5]
 [  18    3    0   16    2    1  196]]
Macro Precision/Recall/F-score:  (0.731003649447014, 0.7243184631728791, 0.7248057648309979, None)
Accuracy:  0.78971903741968
Confusion Metric: 
 [[2835  251    4  380   38   13   23]
 [ 154 1476   21   53   18    4    7]
 [   9   51  260    2    0    1    0]
 [ 257   50    1 1246   18    3    3]
 [  97   64    1   81   69    2    2]
 [  10    1    0    2    0  190    4]
 [  15    6    1   20    2    0  192]]
Macro Precision/Recall/F-score:  (0.7738588074842089, 0.7422849462195019, 0.750098763967751, None)

epoch 21/30
ex_result
Accuracy:  0.742345974549578
Confusion Metric: 
 [[2645  215    8  583   52   11   30]
 [ 169 1365   39   98   47    3   12]
 [  11   44  267    1    0    0    0]
 [ 317   68    3 1147   34    2    7]
 [  74   54    2   89   93    1    3]
 [  17    1    1    4    0  179    5]
 [  17    4    0   17    2    0  196]]
Macro Precision/Recall/F-score:  (0.7307401894801304, 0.7252892447777184, 0.7252625829638545, None)
Accuracy:  0.7844273655033388
Confusion Metric: 
 [[2818  197    5  446   44    6   28]
 [ 174 1408   31   78   29    3   10]
 [  14   45  261    1    1    1    0]
 [ 241   38    0 1274   20    2    3]
 [  87   49    2   95   79    1    3]
 [  12    1    0    3    0  187    4]
 [  11    2    1   21    2    0  199]]
Macro Precision/Recall/F-score:  (0.7678522203904699, 0.7456590366637696, 0.7512802174805684, None)

epoch 22/30
ex_result
Accuracy:  0.7491495527277309
Confusion Metric: 
 [[2738  226    8  490   43   12   27]
 [ 180 1403   30   75   33    3    9]
 [  10   49  263    1    0    0    0]
 [ 362   85    3 1085   32    3    8]
 [  89   70    2   75   75    1    4]
 [  16    1    0    2    0  182    6]
 [  17    5    0   13    1    0  200]]
Macro Precision/Recall/F-score:  (0.7355059446735589, 0.7211427544646042, 0.7244758784159869, None)
Accuracy:  0.7814035529797153
Confusion Metric: 
 [[2748  246    5  480   30    5   30]
 [ 144 1479   23   64   13    3    7]
 [  12   50  259    1    0    1    0]
 [ 240   53    1 1265   14    2    3]
 [  89   73    1   90   59    1    3]
 [  10    1    0    0    0  192    4]
 [  13    7    0   16    0    0  200]]
Macro Precision/Recall/F-score:  (0.7763812426802617, 0.7420051923698833, 0.7466488783637223, None)

epoch 23/30
ex_result
Accuracy:  0.7352904119944563
Confusion Metric: 
 [[2614  172    4  657   53   16   28]
 [ 195 1315   30  128   50    6    9]
 [  14   46  261    1    1    0    0]
 [ 284   67    3 1190   25    2    7]
 [  85   52    2   99   74    1    3]
 [  10    1    0    3    0  187    6]
 [  15    3    0   21    2    0  195]]
Macro Precision/Recall/F-score:  (0.7247026357497035, 0.7174833053135927, 0.7167003129832125, None)
Accuracy:  0.7560791230943682
Confusion Metric: 
 [[2545  166    5  747   46   13   22]
 [ 184 1350   29  123   36    5    6]
 [  13   37  268    4    0    1    0]
 [ 148   23    1 1389   12    3    2]
 [  79   46    2  115   70    1    3]
 [   7    1    0    3    0  192    4]
 [  10    3    1   35    0    0  187]]
Macro Precision/Recall/F-score:  (0.7554253215607508, 0.7354983835154539, 0.7350917592238249, None)

epoch 24/30
ex_result
Accuracy:  0.7436058964344211
Confusion Metric: 
 [[2662  203    7  568   63   12   29]
 [ 179 1366   32   88   54    4   10]
 [  14   50  258    1    0    0    0]
 [ 305   73    3 1152   35    2    8]
 [  84   56    2   86   84    1    3]
 [  15    1    1    4    1  179    6]
 [  15    3    1   15    1    0  201]]
Macro Precision/Recall/F-score:  (0.7260572707635122, 0.7214869722793517, 0.7214544497058674, None)
Accuracy:  0.7908529671160388
Confusion Metric: 
 [[2921  210    6  321   59    7   20]
 [ 196 1431   25   38   34    4    5]
 [  13   42  266    1    0    1    0]
 [ 309   54    2 1175   33    3    2]
 [ 100   48    2   62  100    1    3]
 [  11    1    0    1    0  190    4]
 [  18    6    1   15    2    0  194]]
Macro Precision/Recall/F-score:  (0.7768956860474959, 0.7534932125460552, 0.7635629325447909, None)

epoch 25/30
ex_result
Accuracy:  0.7428499433035152
Confusion Metric: 
 [[2632  218    9  579   64   13   29]
 [ 154 1385   33   94   51    5   11]
 [  13   48  261    1    0    0    0]
 [ 305   72    3 1145   43    2    8]
 [  78   60    3   79   91    1    4]
 [  11    1    0    3    0  186    6]
 [  13    5    1   19    2    0  196]]
Macro Precision/Recall/F-score:  (0.7237399907168288, 0.727505893638176, 0.7235970768441037, None)
Accuracy:  0.7878291545924153
Confusion Metric: 
 [[2805  245    5  397   55    9   28]
 [ 145 1457   26   55   38    4    8]
 [  10   49  262    1    0    1    0]
 [ 257   46    2 1239   28    3    3]
 [  89   58    3   69   93    1    3]
 [   9    1    0    0    0  193    4]
 [  11    5    0   14    2    0  204]]
Macro Precision/Recall/F-score:  (0.7663911561559268, 0.7599444998953839, 0.7604006934700396, None)

epoch 26/30
ex_result
Accuracy:  0.7380622401411112
Confusion Metric: 
 [[2531  258    9  634   64   15   33]
 [ 124 1422   36   88   42    7   14]
 [   9   45  267    1    0    1    0]
 [ 275   82    3 1170   36    2   10]
 [  70   69    2   87   81    1    6]
 [  12    1    0    3    0  186    5]
 [  10    4    1   18    2    0  201]]
Macro Precision/Recall/F-score:  (0.7142742109543843, 0.7299074578983402, 0.7181465836600055, None)
Accuracy:  0.7879551467808996
Confusion Metric: 
 [[2755  270    6  409   59    8   37]
 [ 121 1491   28   43   34    4   12]
 [   9   41  270    2    0    1    0]
 [ 238   54    1 1248   28    2    7]
 [  82   68    1   71   88    1    5]
 [   9    1    0    2    0  191    4]
 [  10    3    0   12    0    0  211]]
Macro Precision/Recall/F-score:  (0.7595499419671138, 0.7656814178506518, 0.7587254158771923, None)

epoch 27/30
ex_result
Accuracy:  0.7486455839737937
Confusion Metric: 
 [[2729  218    8  491   54   15   29]
 [ 174 1387   30   82   44    4   12]
 [  10   52  260    1    0    0    0]
 [ 353   76    3 1109   29    2    6]
 [  94   59    2   79   79    1    2]
 [  16    1    0    4    0  181    5]
 [  14    5    1   17    2    0  197]]
Macro Precision/Recall/F-score:  (0.7299956959412777, 0.7196091254988147, 0.7222151688675856, None)
Accuracy:  0.78971903741968
Confusion Metric: 
 [[2920  220    5  321   51    7   20]
 [ 185 1452   21   39   26    3    7]
 [  11   50  259    2    0    1    0]
 [ 315   51    2 1179   28    2    1]
 [ 108   58    2   65   80    1    2]
 [  11    1    0    2    0  189    4]
 [  24    6    0   15    2    0  189]]
Macro Precision/Recall/F-score:  (0.7765718251137869, 0.7396917950789007, 0.7543278399969401, None)

epoch 28/30
ex_result
Accuracy:  0.7429759354919995
Confusion Metric: 
 [[2696  220    8  519   57   14   30]
 [ 163 1369   36   94   52    6   13]
 [  10   51  261    1    0    0    0]
 [ 354   70    3 1103   35    2   11]
 [  85   59    2   83   81    1    5]
 [  12    1    0    2    0  186    6]
 [  13    3    1   16    2    0  201]]
Macro Precision/Recall/F-score:  (0.718482417073745, 0.7234703289954254, 0.7187587840670595, None)
Accuracy:  0.7945067405820839
Confusion Metric: 
 [[2891  221    4  353   41   11   23]
 [ 169 1448   25   48   33    4    6]
 [   8   45  268    1    0    1    0]
 [ 287   42    1 1222   22    2    2]
 [ 104   53    2   70   84    1    2]
 [   9    1    0    1    0  193    3]
 [  20    5    0   10    1    0  200]]
Macro Precision/Recall/F-score:  (0.7798014493749353, 0.757293873456956, 0.7642852453922563, None)

epoch 29/30
ex_result
Accuracy:  0.7475116542774348
Confusion Metric: 
 [[2707  221    7  514   47   15   33]
 [ 156 1402   32   84   42    5   12]
 [   9   55  258    1    0    0    0]
 [ 353   76    2 1097   35    2   13]
 [  77   66    2   84   79    1    7]
 [  12    1    0    3    0  185    6]
 [  10    5    1   14    1    0  205]]
Macro Precision/Recall/F-score:  (0.7237681214402016, 0.7255910253719368, 0.7211461481624843, None)
Accuracy:  0.7906009827390702
Confusion Metric: 
 [[2889  217    5  369   32    4   28]
 [ 191 1437   25   45   25    3    7]
 [  12   52  257    1    0    1    0]
 [ 286   37    0 1222   27    3    3]
 [  98   65    2   68   78    1    4]
 [  14    1    0    1    0  187    4]
 [  17    5    0    9    0    0  205]]
Macro Precision/Recall/F-score:  (0.7793822637460796, 0.747614752817582, 0.7573144722345964, None)

best_epoch:  28 0.7642852453922563 0.7945067405820839


time= 1231
use 343 from author
Loading Data...
len(test_X):  981
len(train_X):  3803
MyModel

epoch 0/30
ex_result
Accuracy:  0.7602368653143505
Confusion Metric: 
 [[2946  258    4  257   30   19   30]
 [ 182 1450   25   50    7    6   13]
 [  18   54  247    3    0    1    0]
 [ 473  110    2  964   15    3   11]
 [ 113   78    1   71   45    2    6]
 [  18    1    0    0    0  183    5]
 [  22    4    0    9    0    2  199]]
Macro Precision/Recall/F-score:  (0.7407004061251057, 0.7018932289305153, 0.7070039583135465, None)
Accuracy:  0.77044223258158
Confusion Metric: 
 [[3018  316    3  158    0   20   29]
 [ 161 1513   18   28    0    4    9]
 [  21   54  247    0    0    1    0]
 [ 525   80    0  966    0    2    5]
 [ 173   91    1   45    0    2    4]
 [  18    1    0    0    0  186    2]
 [  35    5    0   11    0    0  185]]
Macro Precision/Recall/F-score:  (0.6959889039956281, 0.6834221225705532, 0.6856856731116782, None)

epoch 1/30
ex_result
Accuracy:  0.7627567090840368
Confusion Metric: 
 [[2972  259   10  238   27   13   25]
 [ 173 1454   31   50    9    5   11]
 [  12   43  264    3    0    1    0]
 [ 490  114    3  942   15    3   11]
 [ 113   75    1   65   54    2    6]
 [  21    1    0    0    0  180    5]
 [  28    4    0   14    0    2  188]]
Macro Precision/Recall/F-score:  (0.7500792588948252, 0.7041378645639005, 0.713369022637014, None)
Accuracy:  0.7780017638906388
Confusion Metric: 
 [[2996  289    7  208    6   18   20]
 [ 179 1494   22   28    0    4    6]
 [  19   46  257    0    0    1    0]
 [ 460   71    0 1037    4    2    4]
 [ 151   74    1   65   20    1    4]
 [  19    1    0    0    0  186    1]
 [  33    3    0   14    0    1  185]]
Macro Precision/Recall/F-score:  (0.7964821877267978, 0.7008611558031449, 0.711141662892972, None)

epoch 2/30
ex_result
Accuracy:  0.7617487715761623
Confusion Metric: 
 [[2951  259    8  254   23   16   33]
 [ 161 1463   31   48    9    6   15]
 [  13   45  261    2    1    1    0]
 [ 488  117    3  942   12    3   13]
 [ 109   76    1   73   46    2    9]
 [  17    1    0    0    0  183    6]
 [  21    3    0   11    0    1  200]]
Macro Precision/Recall/F-score:  (0.741415973990261, 0.7084240971870306, 0.7086727610491852, None)
Accuracy:  0.7845533576918231
Confusion Metric: 
 [[2988  269    8  212   13   17   37]
 [ 161 1488   30   30    4    5   15]
 [  17   38  266    0    1    1    0]
 [ 431   71    1 1056   10    2    7]
 [ 136   67    2   65   38    2    6]
 [  13    1    0    1    0  188    4]
 [  23    2    0    8    0    0  203]]
Macro Precision/Recall/F-score:  (0.7705723992087771, 0.7261582760389272, 0.7254046395381755, None)

epoch 3/30
ex_result
Accuracy:  0.7622527403300995
Confusion Metric: 
 [[2960  265    8  246   26   13   26]
 [ 159 1468   31   48   12    4   11]
 [  14   45  259    4    0    1    0]
 [ 491  118    3  937   14    3   12]
 [ 106   77    1   73   51    2    6]
 [  18    1    0    0    0  183    5]
 [  24    6    0   12    0    2  192]]
Macro Precision/Recall/F-score:  (0.7472094560012966, 0.7052796164819851, 0.712517596665889, None)
Accuracy:  0.7841753811263702
Confusion Metric: 
 [[2949  328    5  199   23   17   23]
 [ 142 1520   24   28    7    5    7]
 [  16   45  258    2    1    1    0]
 [ 408   88    0 1062   12    2    6]
 [ 132   76    1   53   49    1    4]
 [  14    1    0    1    0  188    3]
 [  22    5    0   11    0    0  198]]
Macro Precision/Recall/F-score:  (0.7784580476093852, 0.7261752389222328, 0.7355556032467453, None)

epoch 4/30
ex_result
Accuracy:  0.7618747637646466
Confusion Metric: 
 [[2949  257    6  253   37   16   26]
 [ 163 1461   29   46   17    5   12]
 [  15   50  253    4    0    1    0]
 [ 491  108    2  945   17    3   12]
 [ 105   67    1   69   65    2    7]
 [  20    1    0    1    0  180    5]
 [  25    5    0   12    0    0  194]]
Macro Precision/Recall/F-score:  (0.7453599309412773, 0.7077991024002824, 0.7171484111102482, None)
Accuracy:  0.7899710217966486
Confusion Metric: 
 [[2995  281    6  189   33   16   24]
 [ 141 1508   25   29   16    4   10]
 [  15   45  261    0    1    1    0]
 [ 423   70    1 1060   19    2    3]
 [ 127   67    1   51   67    1    2]
 [  13    1    0    1    0  189    3]
 [  25    3    0   17    1    0  190]]
Macro Precision/Recall/F-score:  (0.776370029057211, 0.7321710120811711, 0.7449181147994127, None)

epoch 5/30
ex_result
Accuracy:  0.7593549199949603
Confusion Metric: 
 [[2966  223   11  271   31   19   23]
 [ 190 1425   31   54   17    6   10]
 [  16   43  259    4    0    1    0]
 [ 502   96    3  946   16    4   11]
 [ 106   65    2   77   58    2    6]
 [  17    1    0    1    0  183    5]
 [  25    6    0   12    0    3  190]]
Macro Precision/Recall/F-score:  (0.7389128206722589, 0.7047455140302975, 0.7115999801740394, None)
Accuracy:  0.784931334257276
Confusion Metric: 
 [[2973  244    8  237   43   16   23]
 [ 176 1452   29   41   23    4    8]
 [  18   43  259    2    0    1    0]
 [ 406   49    1 1099   19    2    2]
 [ 130   54    1   60   68    1    2]
 [  14    1    0    1    0  190    1]
 [  26    2    1   17    1    0  189]]
Macro Precision/Recall/F-score:  (0.7673134016798284, 0.7298509383197024, 0.7423637563028281, None)

epoch 6/30
ex_result
Accuracy:  0.7622527403300995
Confusion Metric: 
 [[2990  216    5  266   29   15   23]
 [ 188 1417   28   62   21    5   12]
 [  18   47  253    4    0    1    0]
 [ 497   98    3  951   15    3   11]
 [ 112   59    1   75   61    2    6]
 [  20    1    0    0    0  180    6]
 [  23    3    0   11    0    1  198]]
Macro Precision/Recall/F-score:  (0.7487040782746168, 0.7069808962347363, 0.7176062633682904, None)
Accuracy:  0.7898450296081643
Confusion Metric: 
 [[3075  227    5  187   18   13   19]
 [ 201 1449   20   39   15    3    6]
 [  20   50  250    2    0    1    0]
 [ 446   49    0 1066   12    2    3]
 [ 152   54    1   57   49    1    2]
 [  16    1    0    1    0  186    3]
 [  31    2    0    9    0    0  194]]
Macro Precision/Recall/F-score:  (0.7912938804931074, 0.7184237666801728, 0.7389216575969065, None)

epoch 7/30
ex_result
Accuracy:  0.7614967871991937
Confusion Metric: 
 [[2951  258    6  247   40   12   30]
 [ 168 1453   25   45   22    6   14]
 [  13   50  255    4    0    1    0]
 [ 504  101    3  935   20    3   12]
 [ 106   67    1   65   70    1    6]
 [  19    1    0    1    0  180    6]
 [  16    3    0   16    0    1  200]]
Macro Precision/Recall/F-score:  (0.7447938816739496, 0.7130918724287236, 0.720911572209723, None)
Accuracy:  0.7900970139851329
Confusion Metric: 
 [[2978  286    7  188   43   12   30]
 [ 148 1502   20   31   19    3   10]
 [  16   51  252    3    0    1    0]
 [ 417   65    1 1070   19    2    4]
 [ 121   61    1   54   75    1    3]
 [  11    1    0    1    0  190    4]
 [  21    1    0    9    1    0  204]]
Macro Precision/Recall/F-score:  (0.7769347050251934, 0.740697258080407, 0.7511557279979478, None)

epoch 8/30
ex_result
Accuracy:  0.7638906387803956
Confusion Metric: 
 [[2927  222    7  312   40   13   23]
 [ 168 1438   29   58   22    5   13]
 [  15   51  252    4    0    1    0]
 [ 442   99    2 1003   19    3   10]
 [ 101   68    1   74   67    1    4]
 [  17    1    0    0    0  183    6]
 [  21    4    0   15    1    2  193]]
Macro Precision/Recall/F-score:  (0.7444873629748623, 0.7121940356525617, 0.721471509494046, None)
Accuracy:  0.7942547562051153
Confusion Metric: 
 [[2952  259    4  247   44   15   23]
 [ 153 1481   32   39   17    3    8]
 [  13   44  261    4    0    1    0]
 [ 355   53    1 1144   21    2    2]
 [ 121   61    1   57   73    1    2]
 [   9    1    0    1    0  192    4]
 [  20    1    0   12    2    0  201]]
Macro Precision/Recall/F-score:  (0.7753543521336016, 0.7472580266512977, 0.7551432967301261, None)

epoch 9/30
ex_result
Accuracy:  0.7638906387803956
Confusion Metric: 
 [[2936  250    7  271   36   15   29]
 [ 158 1460   29   47   21    5   13]
 [  12   50  256    4    0    1    0]
 [ 469  106    3  969   19    3    9]
 [ 105   69    1   67   64    1    9]
 [  19    1    0    1    0  180    6]
 [  20    3    0   12    1    2  198]]
Macro Precision/Recall/F-score:  (0.7410770199310893, 0.7126614511359477, 0.7185219331681668, None)
Accuracy:  0.791734912435429
Confusion Metric: 
 [[3000  290    6  180   30    9   29]
 [ 151 1511   23   24   13    3    8]
 [  15   52  253    2    0    1    0]
 [ 419   68    1 1064   22    2    2]
 [ 133   70    1   46   62    1    3]
 [  11    1    0    1    0  190    4]
 [  21    1    0    8    2    0  204]]
Macro Precision/Recall/F-score:  (0.7815668182648621, 0.7363480344669346, 0.7483641081316847, None)

epoch 10/30
ex_result
Accuracy:  0.7623787325185839
Confusion Metric: 
 [[3007  263    8  198   34   14   20]
 [ 163 1460   34   41   20    3   12]
 [  14   46  259    3    0    1    0]
 [ 548  109    3  871   33    4   10]
 [ 100   77    2   54   78    1    4]
 [  18    1    0    1    0  182    5]
 [  20    6    0   11    1    4  194]]
Macro Precision/Recall/F-score:  (0.7484053941579324, 0.7132663564777239, 0.7231578635669882, None)
Accuracy:  0.7892150686657428
Confusion Metric: 
 [[3074  286    8  112   37    8   19]
 [ 153 1516   23   21   10    3    7]
 [  17   46  258    1    0    1    0]
 [ 525   72    1  948   25    2    5]
 [ 126   71    1   34   81    1    2]
 [  12    1    0    1    0  190    3]
 [  27    3    0    7    2    0  197]]
Macro Precision/Recall/F-score:  (0.7951729310786025, 0.7358052058610248, 0.7548439187441242, None)

epoch 11/30
ex_result
Accuracy:  0.7614967871991937
Confusion Metric: 
 [[2877  280   12  294   38   14   29]
 [ 130 1487   32   44   21    5   14]
 [  13   49  257    3    0    1    0]
 [ 454  120    2  965   24    3   10]
 [  90   79    1   65   76    1    4]
 [  15    1    0    1    0  184    6]
 [  15    5    1   14    1    2  198]]
Macro Precision/Recall/F-score:  (0.740708216680322, 0.7207745282377997, 0.7237929485562615, None)
Accuracy:  0.7918609046239133
Confusion Metric: 
 [[2904  316    7  229   45   13   30]
 [ 127 1521   25   28   18    5    9]
 [  13   50  256    3    0    1    0]
 [ 352   67    1 1125   26    3    4]
 [  98   77    1   53   83    1    3]
 [  10    1    0    1    0  193    2]
 [  17    4    0   10    2    0  203]]
Macro Precision/Recall/F-score:  (0.7728956894256539, 0.7511105943196644, 0.7561026706101723, None)

epoch 12/30
ex_result
Accuracy:  0.763260677837974
Confusion Metric: 
 [[2877  285   10  307   32   12   21]
 [ 144 1483   30   49   15    3    9]
 [  13   46  259    4    0    1    0]
 [ 439  110    3  993   22    3    8]
 [  94   78    2   70   67    1    4]
 [  19    1    0    1    0  182    4]
 [  16    5    1   15    1    1  197]]
Macro Precision/Recall/F-score:  (0.7532591467493253, 0.7178099078753589, 0.7267585726790412, None)
Accuracy:  0.7924908655663349
Confusion Metric: 
 [[2925  308    9  240   32    9   21]
 [ 149 1510   26   28   12    3    5]
 [  14   45  260    3    0    1    0]
 [ 356   70    2 1133   11    2    4]
 [ 107   83    1   55   67    1    2]
 [   9    1    0    1    0  192    4]
 [  20    3    1    8    1    0  203]]
Macro Precision/Recall/F-score:  (0.789013170900436, 0.7456202962567122, 0.7558677163467663, None)

epoch 13/30
ex_result
Accuracy:  0.7642686153458486
Confusion Metric: 
 [[2921  266   14  275   33   11   24]
 [ 139 1481   38   42   18    4   11]
 [  12   47  260    3    0    1    0]
 [ 481  109    3  948   24    3   10]
 [  98   74    1   62   76    1    4]
 [  20    1    0    0    0  182    4]
 [  18    6    1   10    1    2  198]]
Macro Precision/Recall/F-score:  (0.7495626741515843, 0.7204611146692127, 0.7271998687039863, None)
Accuracy:  0.78971903741968
Confusion Metric: 
 [[2995  302    8  165   31   11   32]
 [ 141 1515   31   20   15    3    8]
 [  13   47  261    1    0    1    0]
 [ 449   72    3 1030   16    3    5]
 [ 118   78    2   47   68    1    2]
 [   9    1    0    0    0  194    3]
 [  21    4    0    4    2    0  205]]
Macro Precision/Recall/F-score:  (0.7783491187652147, 0.7430147692010081, 0.7495631205373096, None)

epoch 14/30
ex_result
Accuracy:  0.7598588887488976
Confusion Metric: 
 [[2910  256    7  296   43   15   17]
 [ 173 1435   30   49   29    5   12]
 [  15   51  253    3    0    1    0]
 [ 461  100    2  974   29    3    9]
 [  91   67    1   70   82    1    4]
 [  16    1    0    0    0  185    5]
 [  23    5    0   12    2    2  192]]
Macro Precision/Recall/F-score:  (0.7449463393708066, 0.7166344988138468, 0.7264115011402914, None)
Accuracy:  0.7960186468438957
Confusion Metric: 
 [[2992  289    4  184   48   12   15]
 [ 149 1500   24   29   21    4    6]
 [  16   46  258    2    0    1    0]
 [ 382   67    1 1103   23    2    0]
 [ 121   66    0   46   80    1    2]
 [  11    1    0    0    0  192    3]
 [  23    4    0   12    4    0  193]]
Macro Precision/Recall/F-score:  (0.7874662243565831, 0.7437199895803405, 0.7598505961941971, None)

epoch 15/30
ex_result
Accuracy:  0.7645205997228172
Confusion Metric: 
 [[2927  280   12  245   46   11   23]
 [ 126 1488   42   44   18    4   11]
 [  14   44  261    3    0    1    0]
 [ 486  113    3  938   26    3    9]
 [  92   82    2   57   78    1    4]
 [  20    1    0    0    0  180    6]
 [  16    6    1   14    2    1  196]]
Macro Precision/Recall/F-score:  (0.7442221489517589, 0.7191302263969218, 0.725462824482835, None)
Accuracy:  0.7967745999748016
Confusion Metric: 
 [[2979  301   13  168   54   10   19]
 [ 129 1527   34   22   15    2    4]
 [  12   41  267    2    0    1    0]
 [ 401   71    2 1071   27    3    3]
 [ 103   77    2   43   87    1    3]
 [  12    1    0    1    0  189    4]
 [  20    4    1    5    2    0  204]]
Macro Precision/Recall/F-score:  (0.7816892695644603, 0.7542579903493294, 0.7627009512063052, None)

epoch 16/30
ex_result
Accuracy:  0.7598588887488976
Confusion Metric: 
 [[2864  281    9  319   41   12   18]
 [ 145 1463   31   63   19    4    8]
 [  13   49  256    4    0    1    0]
 [ 443   96    3  999   25    3    9]
 [  91   72    2   70   77    1    3]
 [  19    1    0    1    0  183    3]
 [  23    3    0   17    1    3  189]]
Macro Precision/Recall/F-score:  (0.7496318366132987, 0.7152218629645583, 0.7264792467460043, None)
Accuracy:  0.7936247952626937
Confusion Metric: 
 [[2965  304    7  201   50    7   10]
 [ 136 1501   27   40   25    3    1]
 [  10   46  263    2    1    1    0]
 [ 387   52    1 1110   26    2    0]
 [ 118   61    1   48   86    1    1]
 [  16    1    0    2    0  188    0]
 [  29    2    1   14    4    0  186]]
Macro Precision/Recall/F-score:  (0.7929992067959787, 0.741273853623725, 0.7621384289881633, None)

epoch 17/30
ex_result
Accuracy:  0.7617487715761623
Confusion Metric: 
 [[2985  273    8  228   26   10   14]
 [ 169 1461   29   44   15    5   10]
 [  13   51  255    3    0    1    0]
 [ 515  112    4  915   20    3    9]
 [ 109   82    2   60   58    1    4]
 [  21    1    0    1    0  180    4]
 [  22    7    0   12    1    2  192]]
Macro Precision/Recall/F-score:  (0.7560666570188347, 0.7030436855658458, 0.717865091843076, None)
Accuracy:  0.7932468186972408
Confusion Metric: 
 [[3055  294    8  137   29    6   15]
 [ 162 1510   25   21    8    3    4]
 [  14   47  261    0    0    1    0]
 [ 460   72    2 1026   16    2    0]
 [ 130   85    1   34   63    1    2]
 [  14    1    0    0    0  190    2]
 [  32    3    0    9    1    0  191]]
Macro Precision/Recall/F-score:  (0.8032049016742457, 0.7311635560433543, 0.7530080287418137, None)

epoch 18/30
ex_result
Accuracy:  0.7594809121834446
Confusion Metric: 
 [[2874  266   10  287   61   18   28]
 [ 139 1463   35   49   32    4   11]
 [  12   47  260    3    0    1    0]
 [ 455  105    3  962   38    3   12]
 [  89   74    2   63   83    1    4]
 [  16    1    0    1    0  184    5]
 [  16    5    1    9    1    2  202]]
Macro Precision/Recall/F-score:  (0.7287438051180261, 0.7253163165349223, 0.7240825566690682, None)
Accuracy:  0.7957666624669271
Confusion Metric: 
 [[2928  307    8  194   67   14   26]
 [ 125 1513   25   26   35    3    6]
 [   8   50  261    2    1    1    0]
 [ 363   66    1 1103   37    3    5]
 [  96   65    0   44  107    1    3]
 [   8    1    0    1    0  193    4]
 [  16    3    1    2    3    0  211]]
Macro Precision/Recall/F-score:  (0.7742309405323106, 0.7673308209841324, 0.7684364919643857, None)

epoch 19/30
ex_result
Accuracy:  0.7630086934610054
Confusion Metric: 
 [[2907  258    9  299   45   12   14]
 [ 164 1461   30   47   18    5    8]
 [  14   50  255    3    0    1    0]
 [ 450  103    3  987   27    3    5]
 [  93   74    1   67   78    1    2]
 [  19    1    0    1    0  182    4]
 [  28    6    0   12    1    3  186]]
Macro Precision/Recall/F-score:  (0.7545599235341102, 0.7132076274595919, 0.7281625118018983, None)
Accuracy:  0.7966486077863173
Confusion Metric: 
 [[3021  275    9  175   42   10   12]
 [ 156 1492   27   31   19    3    5]
 [  15   42  262    3    0    1    0]
 [ 401   61    2 1090   21    3    0]
 [ 111   75    0   51   76    1    2]
 [  13    1    0    1    0  191    1]
 [  30    3    0   10    2    0  191]]
Macro Precision/Recall/F-score:  (0.7914385260106437, 0.7411126287974431, 0.7591636431788226, None)

epoch 20/30
ex_result
Accuracy:  0.7657805216076603
Confusion Metric: 
 [[2975  225    8  269   34   14   19]
 [ 184 1439   31   43   19    4   13]
 [  14   54  251    3    0    1    0]
 [ 485   97    3  958   23    3    9]
 [  98   74    2   62   73    1    6]
 [  17    1    0    0    0  185    4]
 [  22    5    0   10    1    1  197]]
Macro Precision/Recall/F-score:  (0.7532281512053002, 0.7162092208909414, 0.7269396774861336, None)
Accuracy:  0.7975305531057074
Confusion Metric: 
 [[3098  230    6  146   39    9   16]
 [ 191 1465   31   21   17    2    6]
 [  15   45  259    3    0    1    0]
 [ 451   62    3 1038   20    2    2]
 [ 128   69    0   40   76    1    2]
 [  10    1    0    0    0  194    2]
 [  27    2    0    5    2    0  200]]
Macro Precision/Recall/F-score:  (0.7950882968186195, 0.7434746658028332, 0.7609571483359449, None)

epoch 21/30
ex_result
Accuracy:  0.7627567090840368
Confusion Metric: 
 [[2931  248   15  275   37   14   24]
 [ 146 1473   38   40   18    4   14]
 [  11   43  265    3    0    1    0]
 [ 494  107    4  937   23    3   10]
 [  95   77    3   64   71    1    5]
 [  19    1    0    1    0  181    5]
 [  21    5    2    9    1    2  196]]
Macro Precision/Recall/F-score:  (0.7402062880396569, 0.717259135540346, 0.7210886023314702, None)
Accuracy:  0.7922388811893663
Confusion Metric: 
 [[3025  298    8  150   36    7   20]
 [ 140 1527   28   22    9    0    7]
 [  12   47  261    2    0    1    0]
 [ 453   76    3 1020   18    3    5]
 [ 120   77    2   47   65    1    4]
 [  15    1    0    1    0  187    3]
 [  23    4    1    4    1    0  203]]
Macro Precision/Recall/F-score:  (0.7876020503322531, 0.7369101423344436, 0.7508102039877491, None)

epoch 22/30
ex_result
Accuracy:  0.7635126622149426
Confusion Metric: 
 [[2924  245    9  303   39    9   15]
 [ 160 1450   37   48   26    2   10]
 [  13   48  258    3    0    1    0]
 [ 462  101    3  979   20    3   10]
 [  99   69    0   69   73    1    5]
 [  21    1    0    1    0  180    4]
 [  19    6    1   11    2    1  196]]
Macro Precision/Recall/F-score:  (0.7517932413127827, 0.7160013336361448, 0.7278403384291897, None)
Accuracy:  0.7957666624669271
Confusion Metric: 
 [[3007  291    5  174   43    5   19]
 [ 139 1525   22   26   16    1    4]
 [   9   54  256    3    0    1    0]
 [ 417   59    3 1074   21    1    3]
 [ 122   69    0   50   71    1    3]
 [  20    1    0    2    0  182    2]
 [  23    4    1    6    1    0  201]]
Macro Precision/Recall/F-score:  (0.7926941005342883, 0.7367481076809234, 0.7565801467069694, None)

epoch 23/30
ex_result
Accuracy:  0.7607408340682877
Confusion Metric: 
 [[2911  233   12  308   46   17   17]
 [ 167 1442   37   52   21    3   11]
 [  12   42  266    2    0    1    0]
 [ 464   96    4  969   32    4    9]
 [  97   73    4   67   72    1    2]
 [  18    1    0    0    0  185    3]
 [  21    6    1   11    1    3  193]]
Macro Precision/Recall/F-score:  (0.737674198546839, 0.7186333893973487, 0.723531461521544, None)
Accuracy:  0.7953886859014742
Confusion Metric: 
 [[2989  232    9  248   39   12   15]
 [ 188 1450   38   34   14    4    5]
 [  12   44  263    3    0    1    0]
 [ 351   56    3 1152   13    3    0]
 [ 123   67    1   58   64    1    2]
 [  10    1    0    0    0  196    0]
 [  25    2    1    8    1    0  199]]
Macro Precision/Recall/F-score:  (0.7835468174805836, 0.7452840076107218, 0.7554897355186686, None)

epoch 24/30
ex_result
Accuracy:  0.7625047247070682
Confusion Metric: 
 [[2963  214   11  295   32   15   14]
 [ 186 1427   34   52   20    4   10]
 [  15   52  253    2    0    1    0]
 [ 478   92    4  974   20    3    7]
 [  95   76    3   76   62    1    3]
 [  19    1    0    1    0  183    3]
 [  21    4    2   15    1    3  190]]
Macro Precision/Recall/F-score:  (0.7470511629101527, 0.7064789316213586, 0.7185505224841096, None)
Accuracy:  0.7996724203099408
Confusion Metric: 
 [[3064  243    7  182   25   10   13]
 [ 171 1490   28   26   11    2    5]
 [  13   49  258    2    0    1    0]
 [ 413   52    3 1094   12    3    1]
 [ 130   68    1   58   55    1    3]
 [  14    1    0    2    0  189    1]
 [  28    2    1    6    1    1  197]]
Macro Precision/Recall/F-score:  (0.797597460742148, 0.7340320952165217, 0.7517029537056981, None)

epoch 25/30
ex_result
Accuracy:  0.7627567090840368
Confusion Metric: 
 [[2965  217    9  287   35   11   20]
 [ 177 1445   31   48   17    4   11]
 [  14   45  260    3    0    1    0]
 [ 487   99    4  947   28    3   10]
 [ 104   71    3   71   62    1    4]
 [  20    1    0    1    0  182    3]
 [  23    5    1   10    1    3  193]]
Macro Precision/Recall/F-score:  (0.7441184648291108, 0.709820853606217, 0.7196961683247524, None)
Accuracy:  0.7980345218596447
Confusion Metric: 
 [[3076  249    5  164   25    6   19]
 [ 174 1488   24   24   14    2    7]
 [  13   46  260    3    0    1    0]
 [ 434   63    3 1059   12    3    4]
 [ 136   64    1   50   62    1    2]
 [  17    1    0    0    0  187    2]
 [  25    2    1    5    1    0  202]]
Macro Precision/Recall/F-score:  (0.8003260226288013, 0.7368778689166567, 0.7551602202326574, None)

epoch 26/30
ex_result
Accuracy:  0.7591029356179917
Confusion Metric: 
 [[2888  227    7  344   51   12   15]
 [ 182 1423   24   64   27    4    9]
 [  12   57  251    2    0    1    0]
 [ 437   89    3 1009   31    3    6]
 [ 100   64    1   66   81    1    3]
 [  21    1    0    1    0  181    3]
 [  23    5    0   12    1    3  192]]
Macro Precision/Recall/F-score:  (0.7501887949435674, 0.7138298862772439, 0.7283315451901039, None)
Accuracy:  0.7980345218596447
Confusion Metric: 
 [[2988  249    4  247   39    6   11]
 [ 178 1481   17   30   22    1    4]
 [  13   57  249    3    0    1    0]
 [ 347   56    3 1151   19    2    0]
 [ 118   63    0   53   80    1    1]
 [  17    3    0    1    0  184    2]
 [  24    1    1    7    2    0  201]]
Macro Precision/Recall/F-score:  (0.8030970650729861, 0.7416790068551463, 0.7653445571663214, None)

epoch 27/30
ex_result
Accuracy:  0.7591029356179917
Confusion Metric: 
 [[2920  218    8  317   48   18   15]
 [ 177 1421   26   54   37    8   10]
 [  18   48  253    3    0    1    0]
 [ 460   98    3  983   23    4    7]
 [  97   66    1   73   73    1    5]
 [  19    1    0    1    0  183    3]
 [  23    2    0   13    3    3  192]]
Macro Precision/Recall/F-score:  (0.7380862642469551, 0.7112493227345588, 0.7207558556124213, None)
Accuracy:  0.7947587249590525
Confusion Metric: 
 [[2984  236    3  256   44   10   11]
 [ 182 1470   20   26   28    4    3]
 [  14   51  255    2    0    1    0]
 [ 359   57    2 1140   17    3    0]
 [ 121   61    0   58   73    1    2]
 [  14    2    0    0    0  189    2]
 [  22    1    1   11    4    0  197]]
Macro Precision/Recall/F-score:  (0.7894050668922876, 0.7401336493759739, 0.758950065095056, None)

epoch 28/30
ex_result
Accuracy:  0.7645205997228172
Confusion Metric: 
 [[2990  205    9  276   28   11   25]
 [ 194 1412   31   56   19    5   16]
 [  13   44  262    3    0    1    0]
 [ 482   89    4  963   27    2   11]
 [ 112   69    1   64   64    1    5]
 [  22    1    0    1    0  179    4]
 [  25    1    0   10    1    1  198]]
Macro Precision/Recall/F-score:  (0.7470234525550269, 0.7123017423224596, 0.7214297019780129, None)
Accuracy:  0.7969005921632859
Confusion Metric: 
 [[3041  223    6  212   36    8   18]
 [ 189 1457   29   31   15    3    9]
 [  12   45  262    3    0    1    0]
 [ 395   50    1 1109   15    2    6]
 [ 127   59    1   55   68    1    5]
 [  18    1    0    1    0  184    3]
 [  24    1    1    5    1    0  204]]
Macro Precision/Recall/F-score:  (0.7871542664917965, 0.7401754247826082, 0.7545790782745506, None)

epoch 29/30
ex_result
Accuracy:  0.7648985762882702
Confusion Metric: 
 [[2912  234    9  328   34   11   16]
 [ 181 1450   19   48   21    4   10]
 [  14   47  258    3    0    1    0]
 [ 431   98    4 1004   30    2    9]
 [ 101   72    1   63   74    1    4]
 [  20    1    0    1    0  182    3]
 [  26    5    1    8    2    3  191]]
Macro Precision/Recall/F-score:  (0.7565299907399502, 0.7165865888582783, 0.7305483764796739, None)
Accuracy:  0.7980345218596447
Confusion Metric: 
 [[3057  232    6  203   28    7   11]
 [ 202 1467   24   22   15    1    2]
 [  14   44  262    2    0    1    0]
 [ 398   59    2 1096   14    2    7]
 [ 134   64    0   47   67    1    3]
 [  19    1    0    0    0  185    2]
 [  28    2    1    4    1    0  200]]
Macro Precision/Recall/F-score:  (0.8040438906664945, 0.7382845598122084, 0.7598614026529565, None)

best_epoch:  18 0.7684364919643857 0.7957666624669271


time= 1232
use 343 from author
Loading Data...
len(test_X):  981
len(train_X):  3803
MyModel

epoch 0/30
ex_result
Accuracy:  0.7536852715131662
Confusion Metric: 
 [[2953  184    7  305   54   15   26]
 [ 238 1351   25   72   28    7   12]
 [  14   56  250    2    0    1    0]
 [ 468   78    3  983   32    3   11]
 [ 105   62    2   68   71    1    7]
 [  16    2    0    0    0  183    6]
 [  27    3    0   11    2    2  191]]
Macro Precision/Recall/F-score:  (0.7288761212120037, 0.7039728658072024, 0.7126687788175056, None)
Accuracy:  0.7718281466549074
Confusion Metric: 
 [[3073  172    2  252    6   15   24]
 [ 295 1378   16   34    1    4    5]
 [  25   61  235    0    0    2    0]
 [ 438   44    0 1078    1    2   15]
 [ 164   76    1   58   12    1    4]
 [  23    1    0    2    0  178    3]
 [  33    3    0   26    1    1  172]]
Macro Precision/Recall/F-score:  (0.7772908395502134, 0.6713773228801899, 0.6884935387151924, None)

epoch 1/30
ex_result
Accuracy:  0.7564570996598211
Confusion Metric: 
 [[2929  182    7  333   53   15   25]
 [ 223 1369   27   62   32    7   13]
 [  16   49  254    2    1    1    0]
 [ 450   70    4 1007   31    3   13]
 [ 107   68    1   60   73    1    6]
 [  16    3    0    0    0  182    6]
 [  23    5    0   14    2    2  190]]
Macro Precision/Recall/F-score:  (0.729173636324275, 0.708039799821338, 0.7153732695968248, None)
Accuracy:  0.7837974045609172
Confusion Metric: 
 [[2991  217    3  262   34   13   24]
 [ 217 1440   19   30   15    5    7]
 [  20   60  241    0    0    2    0]
 [ 367   60    0 1124   17    2    8]
 [ 134   68    1   52   56    1    4]
 [  13    2    0    1    0  186    5]
 [  22    5    0   24    1    1  183]]
Macro Precision/Recall/F-score:  (0.7673004574182626, 0.7120720524959377, 0.7294247561417372, None)

epoch 2/30
ex_result
Accuracy:  0.7570870606022426
Confusion Metric: 
 [[2972  187    6  287   56   11   25]
 [ 215 1388   23   55   36    5   11]
 [  17   57  244    3    1    1    0]
 [ 477   84    3  969   32    3   10]
 [ 113   64    1   67   65    1    5]
 [  18    2    0    1    0  180    6]
 [  23    4    0   13    2    3  191]]
Macro Precision/Recall/F-score:  (0.7312384343776488, 0.6990847939259319, 0.7115234185265233, None)
Accuracy:  0.785309310822729
Confusion Metric: 
 [[2998  230    5  220   55   13   23]
 [ 196 1466   17   21   21    6    6]
 [  17   64  240    0    1    1    0]
 [ 392   59    0 1092   27    2    6]
 [ 129   66    1   43   74    1    2]
 [  15    2    0    1    0  185    4]
 [  23    6    0   26    2    1  178]]
Macro Precision/Recall/F-score:  (0.7670858885421843, 0.715578897072409, 0.7357689441443344, None)

epoch 3/30
ex_result
Accuracy:  0.752803326193776
Confusion Metric: 
 [[2849  202    9  376   72   13   23]
 [ 190 1411   27   51   43    6    5]
 [  10   52  255    3    2    1    0]
 [ 440   93    3 1000   31    4    7]
 [  86   72    1   62   90    1    4]
 [  17    2    0    1    0  182    5]
 [  17    5    1   17    3    5  188]]
Macro Precision/Recall/F-score:  (0.7319332904234871, 0.7145605053705326, 0.7219938044448441, None)
Accuracy:  0.7899710217966486
Confusion Metric: 
 [[2928  238    8  268   69   14   19]
 [ 179 1472   22   25   25    6    4]
 [   9   56  256    0    1    1    0]
 [ 328   65    0 1149   28    2    6]
 [ 100   62    1   52   97    1    3]
 [  13    1    0    1    0  188    4]
 [  18    7    0   28    2    1  180]]
Macro Precision/Recall/F-score:  (0.7703811089115417, 0.7391674582163695, 0.7522003754544231, None)

epoch 4/30
ex_result
Accuracy:  0.7589769434295074
Confusion Metric: 
 [[2942  205    8  305   42   13   29]
 [ 207 1408   27   51   23    6   11]
 [  16   52  251    2    1    1    0]
 [ 469   86    4  974   28    3   14]
 [ 101   72    1   58   77    1    6]
 [  18    2    0    0    0  181    6]
 [  25    4    1   10    1    4  191]]
Macro Precision/Recall/F-score:  (0.7372479410647358, 0.7091878889923505, 0.7178824384481673, None)
Accuracy:  0.7928688421317879
Confusion Metric: 
 [[3057  185    4  225   34   15   24]
 [ 232 1429   15   27   18    6    6]
 [  22   51  247    0    2    1    0]
 [ 382   55    1 1109   22    3    6]
 [ 135   63    1   42   73    1    1]
 [  13    2    0    1    0  188    3]
 [  25    3    0   15    2    1  190]]
Macro Precision/Recall/F-score:  (0.7824405912784921, 0.7284243552615256, 0.7474038549107196, None)

epoch 5/30
ex_result
Accuracy:  0.7614967871991937
Confusion Metric: 
 [[2986  177    9  292   46   14   20]
 [ 216 1390   35   54   26    6    6]
 [  18   40  260    2    2    1    0]
 [ 484   82    4  970   25    3   10]
 [ 106   69    1   65   69    1    5]
 [  20    1    0    0    0  182    4]
 [  24    6    1   14    0    4  187]]
Macro Precision/Recall/F-score:  (0.739239653334163, 0.7077483132147362, 0.7186647926290407, None)
Accuracy:  0.7962706312208643
Confusion Metric: 
 [[3069  189    5  213   34   15   19]
 [ 224 1432   24   25   18    5    5]
 [  20   43  258    0    1    1    0]
 [ 390   50    1 1113   16    2    6]
 [ 132   62    1   46   72    1    2]
 [  13    1    0    1    0  191    1]
 [  24    3    1   21    1    1  185]]
Macro Precision/Recall/F-score:  (0.7872919623564734, 0.732974275894805, 0.7514134038970532, None)

epoch 6/30
ex_result
Accuracy:  0.7620007559531309
Confusion Metric: 
 [[2921  191    9  342   45   15   21]
 [ 209 1390   33   59   25    6   11]
 [  12   41  264    4    1    1    0]
 [ 436   81    4 1023   21    3   10]
 [  99   70    1   67   73    1    5]
 [  16    1    0    1    0  186    3]
 [  19    5    1   13    1    6  191]]
Macro Precision/Recall/F-score:  (0.7396903678856005, 0.7186855866128736, 0.7242873232083361, None)
Accuracy:  0.7948847171475368
Confusion Metric: 
 [[3038  185    7  246   35   15   18]
 [ 231 1424   23   29   17    5    4]
 [  15   46  260    1    0    1    0]
 [ 357   56    1 1143   17    2    2]
 [ 125   64    1   51   72    1    2]
 [  11    2    0    1    0  193    0]
 [  26    4    0   25    1    1  179]]
Macro Precision/Recall/F-score:  (0.7883394730034129, 0.7324139921168185, 0.7515855288800738, None)

epoch 7/30
ex_result
Accuracy:  0.7559531309058838
Confusion Metric: 
 [[2791  225    8  430   45   15   30]
 [ 162 1431   27   66   25    6   16]
 [  13   50  255    3    1    1    0]
 [ 372   87    4 1066   33    3   13]
 [  91   74    1   68   76    1    5]
 [  14    1    0    1    0  185    6]
 [  17    5    1   13    0    4  196]]
Macro Precision/Recall/F-score:  (0.7284165256728371, 0.7204301266147046, 0.7199643605409195, None)
Accuracy:  0.7940027718281466
Confusion Metric: 
 [[2989  199    6  248   62   15   25]
 [ 195 1436   14   39   35    5    9]
 [  15   55  250    1    1    1    0]
 [ 340   50    1 1146   33    2    6]
 [ 113   58    1   45   94    1    4]
 [  10    1    0    1    0  189    6]
 [  19    5    0   11    2    1  198]]
Macro Precision/Recall/F-score:  (0.7702010537220555, 0.7459632304088466, 0.7555457624149462, None)

epoch 8/30
ex_result
Accuracy:  0.7583469824870858
Confusion Metric: 
 [[2929  203    9  325   44   16   18]
 [ 193 1409   29   56   33    6    7]
 [  13   50  255    4    0    1    0]
 [ 457   88    4  980   36    3   10]
 [ 100   69    1   67   74    1    4]
 [  15    1    0    1    0  187    3]
 [  23    6    1   16    0    5  185]]
Macro Precision/Recall/F-score:  (0.7358055947407366, 0.710211196468322, 0.7194108458825952, None)
Accuracy:  0.794128764016631
Confusion Metric: 
 [[3109  178    7  167   49   15   19]
 [ 239 1421   22   16   27    5    3]
 [  16   47  259    0    0    1    0]
 [ 432   61    3 1042   32    4    4]
 [ 135   60    1   30   87    1    2]
 [  11    1    0    1    0  194    0]
 [  24    4    1   12    3    1  191]]
Macro Precision/Recall/F-score:  (0.7829893881316743, 0.7401780553884366, 0.7566561651557484, None)

epoch 9/30
ex_result
Accuracy:  0.7585989668640545
Confusion Metric: 
 [[2992  188    6  273   46   15   24]
 [ 223 1385   25   59   28    5    8]
 [  20   54  245    3    0    1    0]
 [ 507   79    4  941   31    3   13]
 [ 106   61    1   62   81    1    4]
 [  17    1    0    1    0  184    4]
 [  21    3    0   14    1    4  193]]
Macro Precision/Recall/F-score:  (0.7429889631136958, 0.7087555644109276, 0.7211937986155174, None)
Accuracy:  0.7943807483935996
Confusion Metric: 
 [[3076  184    5  197   46   10   26]
 [ 213 1431   17   29   33    4    6]
 [  15   57  248    2    0    1    0]
 [ 414   52    2 1076   26    2    6]
 [ 127   56    1   39   89    1    3]
 [  11    2    0    1    0  189    4]
 [  20    2    0   15    2    1  196]]
Macro Precision/Recall/F-score:  (0.7817041053748132, 0.7383652449313767, 0.7554442896483059, None)

epoch 10/30
ex_result
Accuracy:  0.7536852715131662
Confusion Metric: 
 [[2852  199    9  397   45   15   27]
 [ 199 1402   31   57   25    6   13]
 [  15   44  258    4    1    1    0]
 [ 426   85    4 1020   26    3   14]
 [  94   65    1   75   75    1    5]
 [  15    3    0    1    0  182    6]
 [  22    4    0   13    0    4  193]]
Macro Precision/Recall/F-score:  (0.7300324182951619, 0.7133224307844149, 0.7170713084175319, None)
Accuracy:  0.7951367015245054
Confusion Metric: 
 [[2983  194   10  276   43   13   25]
 [ 200 1430   31   36   25    6    5]
 [  14   42  263    1    2    1    0]
 [ 320   49    3 1182   19    3    2]
 [ 114   60    1   57   79    1    4]
 [  12    2    0    1    0  186    6]
 [  20    2    0   24    1    1  188]]
Macro Precision/Recall/F-score:  (0.769709459592237, 0.7393306833080774, 0.7496619584416752, None)

epoch 11/30
ex_result
Accuracy:  0.7589769434295074
Confusion Metric: 
 [[2858  226   11  355   49   16   29]
 [ 184 1429   31   41   28    6   14]
 [  17   42  258    4    1    1    0]
 [ 419   95    5 1005   37    3   14]
 [  86   75    1   57   90    1    6]
 [  12    2    0    2    0  186    5]
 [  14    5    0   14    0    5  198]]
Macro Precision/Recall/F-score:  (0.7311923989818008, 0.7270003857353359, 0.7258974569344863, None)
Accuracy:  0.7990424593675192
Confusion Metric: 
 [[3053  204    7  205   37   14   24]
 [ 203 1467   14   23   17    4    5]
 [  19   52  250    0    1    1    0]
 [ 372   71    0 1102   26    2    5]
 [ 117   68    1   46   80    1    3]
 [  12    1    0    1    0  189    4]
 [  17    3    0   14    0    1  201]]
Macro Precision/Recall/F-score:  (0.7887733154972288, 0.7426020041765503, 0.7583860359968391, None)

epoch 12/30
ex_result
Accuracy:  0.7613707950107094
Confusion Metric: 
 [[2970  200    7  286   47   13   21]
 [ 207 1399   28   53   32    6    8]
 [  17   49  251    4    1    1    0]
 [ 474   91    5  964   33    3    8]
 [ 101   71    1   56   82    1    4]
 [  15    2    0    1    0  184    5]
 [  20    6    0   13    0    4  193]]
Macro Precision/Recall/F-score:  (0.7437020632560075, 0.7142107961188682, 0.7252709226422437, None)
Accuracy:  0.7975305531057074
Confusion Metric: 
 [[3080  177    7  193   56   11   20]
 [ 228 1417   24   22   35    4    3]
 [  17   47  256    0    2    1    0]
 [ 391   60    3 1089   31    2    2]
 [ 119   56    1   36  100    1    3]
 [  12    1    0    1    0  189    4]
 [  19    4    0   11    2    1  199]]
Macro Precision/Recall/F-score:  (0.7849061819536566, 0.7488764250295469, 0.764186939810961, None)

epoch 13/30
ex_result
Accuracy:  0.7633866700264583
Confusion Metric: 
 [[3004  184    6  281   33   14   22]
 [ 216 1409   25   53   18    6    6]
 [  16   48  253    4    1    1    0]
 [ 492   84    2  967   21    2   10]
 [ 112   75    1   68   55    1    4]
 [  16    1    0    1    0  184    5]
 [  23    6    0   15    1    4  187]]
Macro Precision/Recall/F-score:  (0.7464736651247673, 0.7017237024429953, 0.7154262635268768, None)
Accuracy:  0.8016882953256899
Confusion Metric: 
 [[3090  179    5  212   30   10   18]
 [ 214 1457   15   22   16    5    4]
 [  16   44  260    0    2    1    0]
 [ 400   52    1 1100   18    3    4]
 [ 132   58    1   44   77    1    3]
 [  18    1    0    0    0  185    3]
 [  21    4    0   15    1    1  194]]
Macro Precision/Recall/F-score:  (0.8012393509679571, 0.7391568336055573, 0.7610937514025036, None)

epoch 14/30
ex_result
Accuracy:  0.7606148418798034
Confusion Metric: 
 [[2988  185    5  290   37   13   26]
 [ 233 1382   25   53   25    6    9]
 [  16   47  256    2    1    1    0]
 [ 495   81    2  961   25    2   12]
 [ 108   65    1   61   75    1    5]
 [  16    1    0    1    0  184    5]
 [  25    2    0   14    0    4  191]]
Macro Precision/Recall/F-score:  (0.7481856917217214, 0.7110996087585937, 0.7234547628049145, None)
Accuracy:  0.7950107093360211
Confusion Metric: 
 [[3130  161    5  187   32   11   18]
 [ 258 1406   21   19   20    4    5]
 [  16   48  256    2    0    1    0]
 [ 435   55    1 1063   17    3    4]
 [ 138   58    1   41   75    1    2]
 [  12    1    0    1    0  189    4]
 [  23    2    0   18    1    1  191]]
Macro Precision/Recall/F-score:  (0.7946261160226634, 0.7314867387317998, 0.7538394437132273, None)

epoch 15/30
ex_result
Accuracy:  0.7604888496913191
Confusion Metric: 
 [[2989  183    8  291   29   16   28]
 [ 225 1386   29   50   23    6   14]
 [  17   46  255    3    1    1    0]
 [ 490   87    4  965   15    3   14]
 [ 115   74    1   62   57    1    6]
 [  13    1    0    1    0  186    6]
 [  17    4    0   12    0    5  198]]
Macro Precision/Recall/F-score:  (0.7372538763881017, 0.7088696101326073, 0.7132002587460314, None)
Accuracy:  0.79614463903238
Confusion Metric: 
 [[3135  161    4  175   24   14   31]
 [ 274 1382   33   16   15    6    7]
 [  22   35  264    0    1    1    0]
 [ 420   58    4 1067   18    4    7]
 [ 139   61    1   43   67    1    4]
 [   7    1    0    0    0  196    3]
 [  18    2    0    7    0    1  208]]
Macro Precision/Recall/F-score:  (0.7838830278011676, 0.7451151018699942, 0.752521910236185, None)

epoch 16/30
ex_result
Accuracy:  0.7651505606652388
Confusion Metric: 
 [[2956  212   10  282   48   12   24]
 [ 196 1416   25   46   32    6   12]
 [  16   46  255    5    0    1    0]
 [ 454   85    5  985   33    3   13]
 [  97   73    1   56   84    1    4]
 [  17    1    0    2    0  182    5]
 [  21    6    0   12    0    2  195]]
Macro Precision/Recall/F-score:  (0.7434709013464591, 0.7194526504518406, 0.7278496304892776, None)
Accuracy:  0.7943807483935996
Confusion Metric: 
 [[3108  187    6  166   52    7   18]
 [ 230 1412   21   23   37    5    5]
 [  18   48  254    2    0    1    0]
 [ 430   51    3 1049   36    3    6]
 [ 123   59    1   34   94    1    4]
 [  15    1    0    0    1  185    5]
 [  25    2    0    5    1    0  203]]
Macro Precision/Recall/F-score:  (0.7834588716120289, 0.74203544693316, 0.759114717065302, None)

epoch 17/30
ex_result
Accuracy:  0.761622779387678
Confusion Metric: 
 [[2914  184    8  358   46   15   19]
 [ 217 1393   28   53   29    5    8]
 [  11   46  261    4    0    1    0]
 [ 430   70    3 1026   34    3   12]
 [ 102   67    2   67   73    1    4]
 [  15    1    0    0    0  186    5]
 [  20    5    0   15    0    4  192]]
Macro Precision/Recall/F-score:  (0.7397955301882216, 0.7182007917497606, 0.7254415800297952, None)
Accuracy:  0.7980345218596447
Confusion Metric: 
 [[3079  161    5  223   42   11   23]
 [ 246 1398   29   26   27    4    3]
 [  12   44  265    1    0    1    0]
 [ 375   44    3 1122   25    3    6]
 [ 130   58    1   42   81    1    3]
 [  11    1    0    1    0  188    6]
 [  18    3    0   13    0    1  201]]
Macro Precision/Recall/F-score:  (0.7809546958607921, 0.7461689374350549, 0.7586769671979432, None)

epoch 18/30
ex_result
Accuracy:  0.7558271387173995
Confusion Metric: 
 [[2856  201   15  401   37   11   23]
 [ 201 1406   32   56   23    4   11]
 [  13   46  258    4    1    1    0]
 [ 423   83    3 1028   26    2   13]
 [  97   80    1   61   72    1    4]
 [  13    2    0    2    0  184    6]
 [  19    4    0   15    0    3  195]]
Macro Precision/Recall/F-score:  (0.7387171128544431, 0.7157723242097374, 0.7216667382865697, None)
Accuracy:  0.7965226155978329
Confusion Metric: 
 [[2999  189    9  268   43   11   25]
 [ 214 1416   33   32   28    4    6]
 [  12   38  269    2    1    1    0]
 [ 330   52    3 1158   25    3    7]
 [ 116   59    1   52   84    1    3]
 [  11    1    0    1    0  189    5]
 [  16    3    0    9    1    0  207]]
Macro Precision/Recall/F-score:  (0.7736107729772839, 0.7551345311628773, 0.7603484420843171, None)

epoch 19/30
ex_result
Accuracy:  0.7614967871991937
Confusion Metric: 
 [[2885  239   11  327   40   14   28]
 [ 169 1436   32   45   32    7   12]
 [  11   42  265    4    0    1    0]
 [ 421  104    4 1007   26    2   14]
 [  99   78    2   61   69    1    6]
 [  14    1    0    1    0  185    6]
 [  18    5    1   12    0    3  197]]
Macro Precision/Recall/F-score:  (0.7306588326567692, 0.7211536857366044, 0.7208223425225179, None)
Accuracy:  0.8014363109487211
Confusion Metric: 
 [[3062  199    8  196   50    8   21]
 [ 199 1443   30   21   28    5    7]
 [  10   39  271    1    1    1    0]
 [ 368   69    3 1103   25    3    7]
 [ 118   58    1   43   91    1    4]
 [  13    1    0    1    0  186    6]
 [  18    3    1    8    1    0  205]]
Macro Precision/Recall/F-score:  (0.7810225459577239, 0.7556886334972489, 0.7645647728544918, None)

epoch 20/30
ex_result
Accuracy:  0.7611188106337408
Confusion Metric: 
 [[2969  193    9  304   35   11   23]
 [ 221 1383   26   58   30    4   11]
 [  13   42  261    5    1    1    0]
 [ 475   79    4  982   26    2   10]
 [ 110   72    2   59   67    1    5]
 [  15    1    0    1    0  184    6]
 [  21    4    0   12    2    2  195]]
Macro Precision/Recall/F-score:  (0.7435739082730838, 0.7133333827626144, 0.7230437416437965, None)
Accuracy:  0.7990424593675192
Confusion Metric: 
 [[3177  149    7  141   42    7   21]
 [ 266 1381   26   26   24    5    5]
 [  14   40  266    1    1    1    0]
 [ 446   47    3 1042   32    3    5]
 [ 134   57    1   35   84    1    4]
 [  13    1    0    0    0  188    5]
 [  19    2    1    7    2    1  204]]
Macro Precision/Recall/F-score:  (0.7877550302254007, 0.7450899684415477, 0.7607453185518682, None)

epoch 21/30
ex_result
Accuracy:  0.7614967871991937
Confusion Metric: 
 [[3037  182    7  249   34    9   26]
 [ 244 1379   26   36   30    4   14]
 [  13   46  260    3    0    1    0]
 [ 523   86    3  927   26    2   11]
 [ 111   74    2   56   66    1    6]
 [  19    1    0    1    0  180    6]
 [  21    5    0   11    1    3  195]]
Macro Precision/Recall/F-score:  (0.7449079190676563, 0.7071106360717251, 0.7190961435748179, None)
Accuracy:  0.7909789593045231
Confusion Metric: 
 [[3176  159    3  141   42    7   16]
 [ 280 1382   22   12   29    4    4]
 [  20   48  251    1    2    1    0]
 [ 488   59    1  991   31    3    5]
 [ 131   60    1   29   91    1    3]
 [  16    1    0    0    0  186    4]
 [  24    1    0    8    2    0  201]]
Macro Precision/Recall/F-score:  (0.7947048076262835, 0.733849117793372, 0.7578319898472888, None)

epoch 22/30
ex_result
Accuracy:  0.7580949981101172
Confusion Metric: 
 [[3029  195    7  234   34   16   29]
 [ 229 1399   30   31   27    4   13]
 [  16   44  257    4    1    1    0]
 [ 557   95    4  882   25    2   13]
 [ 116   74    1   50   68    1    6]
 [  15    1    0    2    0  183    6]
 [  15    5    0   13    0    4  199]]
Macro Precision/Recall/F-score:  (0.7388954064865135, 0.7084319687408558, 0.7156328092263743, None)
Accuracy:  0.7877031624039309
Confusion Metric: 
 [[3164  171    5  135   31    7   31]
 [ 268 1399   29   12   13    5    7]
 [  13   37  270    1    1    1    0]
 [ 510   71    2  951   29    3   12]
 [ 133   66    1   37   74    1    4]
 [  13    1    0    0    1  188    4]
 [  21    2    0    6    0    1  206]]
Macro Precision/Recall/F-score:  (0.781455285341872, 0.7362704562613377, 0.7483692610636961, None)

epoch 23/30
ex_result
Accuracy:  0.7596069043719289
Confusion Metric: 
 [[3009  176    7  280   33   13   26]
 [ 256 1363   26   52   20    4   12]
 [  11   44  264    3    0    1    0]
 [ 512   73    3  960   15    3   12]
 [ 121   71    1   65   52    1    5]
 [  14    1    0    1    0  185    6]
 [  15    4    1   15    0    5  196]]
Macro Precision/Recall/F-score:  (0.7416446158292889, 0.7071465370110805, 0.7146485393998411, None)
Accuracy:  0.7948847171475368
Confusion Metric: 
 [[3164  149    4  172   21    8   26]
 [ 277 1380   23   27   15    4    7]
 [  12   44  263    2    0    1    1]
 [ 457   47    2 1054   11    3    4]
 [ 155   59    1   43   54    1    3]
 [  11    1    0    0    0  190    5]
 [  21    3    0    7    0    1  204]]
Macro Precision/Recall/F-score:  (0.7945179291956983, 0.732060905345335, 0.7479095587093115, None)

epoch 24/30
ex_result
Accuracy:  0.7565830918483054
Confusion Metric: 
 [[2960  191    7  296   53   18   19]
 [ 234 1377   28   43   36    6    9]
 [  14   42  261    3    2    1    0]
 [ 499   82    5  942   38    3    9]
 [ 100   68    1   53   89    1    4]
 [  11    1    0    2    0  187    6]
 [  24    4    0   13    1    5  189]]
Macro Precision/Recall/F-score:  (0.7378542869820637, 0.7172389581710888, 0.7249166202294567, None)
Accuracy:  0.7986644828020663
Confusion Metric: 
 [[3095  184    4  192   47    9   13]
 [ 230 1419   24   24   29    4    3]
 [  13   45  261    2    1    1    0]
 [ 395   60    2 1089   27    3    2]
 [ 120   64    0   43   87    1    1]
 [   8    1    0    0    1  193    4]
 [  25    4    0    9    2    1  195]]
Macro Precision/Recall/F-score:  (0.7923633928277761, 0.74631952907858, 0.7649771834161418, None)

epoch 25/30
ex_result
Accuracy:  0.7546932090210406
Confusion Metric: 
 [[2956  161    7  338   44   16   22]
 [ 257 1333   29   56   42    4   12]
 [  15   39  263    4    1    1    0]
 [ 470   72    4  995   23    2   12]
 [ 116   63    1   65   65    1    5]
 [  16    1    0    1    0  183    6]
 [  19    4    0   13    0    5  195]]
Macro Precision/Recall/F-score:  (0.7306131799793653, 0.7091548572136241, 0.7158915240437825, None)
Accuracy:  0.7942547562051153
Confusion Metric: 
 [[3174  135    4  172   31    8   20]
 [ 311 1325   29   23   36    3    6]
 [  17   34  266    1    2    1    2]
 [ 427   44    2 1069   28    3    5]
 [ 136   55    1   40   79    1    4]
 [  12    1    0    0    0  189    5]
 [  23    3    0    7    1    0  202]]
Macro Precision/Recall/F-score:  (0.7850794336605847, 0.74001617062778, 0.7566960932290805, None)

epoch 26/30
ex_result
Accuracy:  0.7599848809373819
Confusion Metric: 
 [[2971  186   10  292   48   14   23]
 [ 221 1390   28   44   38    4    8]
 [  13   44  260    4    1    1    0]
 [ 498   75    4  966   24    2    9]
 [ 108   66    1   60   75    1    5]
 [  19    1    0    0    0  182    5]
 [  22    4    1   13    3    5  188]]
Macro Precision/Recall/F-score:  (0.7388146632793874, 0.7100993517888109, 0.7208442289367023, None)
Accuracy:  0.7984124984250976
Confusion Metric: 
 [[3119  170    6  179   41    9   20]
 [ 239 1406   25   22   33    4    4]
 [  11   41  269    0    1    1    0]
 [ 414   55    2 1077   25    3    2]
 [ 130   62    1   44   77    1    1]
 [  13    1    0    0    0  189    4]
 [  24    3    0    7    1    1  200]]
Macro Precision/Recall/F-score:  (0.786258227875814, 0.7444125298106233, 0.7602929611753202, None)

epoch 27/30
ex_result
Accuracy:  0.7579690059216329
Confusion Metric: 
 [[2915  250    7  298   35   14   25]
 [ 189 1446   25   35   24    4   10]
 [  13   51  255    2    1    1    0]
 [ 479   99    4  957   23    3   13]
 [ 104   79    1   59   67    1    5]
 [  17    1    0    1    0  183    5]
 [  19    4    1   14    0    5  193]]
Macro Precision/Recall/F-score:  (0.7404644881473592, 0.7095322313260416, 0.7177369214137251, None)
Accuracy:  0.7980345218596447
Confusion Metric: 
 [[3105  214    5  166   29    8   17]
 [ 205 1447   25   22   24    4    6]
 [  12   43  265    1    1    1    0]
 [ 424   67    2 1055   26    2    2]
 [ 124   70    1   42   75    1    3]
 [  11    1    0    0    0  191    4]
 [  24    2    1   12    0    1  196]]
Macro Precision/Recall/F-score:  (0.7915296363026665, 0.741521962274357, 0.7588936514804895, None)

epoch 28/30
ex_result
Accuracy:  0.7625047247070682
Confusion Metric: 
 [[2996  192    7  270   38   12   29]
 [ 212 1426   23   33   23    3   13]
 [  16   44  258    3    1    1    0]
 [ 526   83    4  923   26    2   14]
 [ 113   66    1   60   67    1    8]
 [  15    1    0    1    0  184    6]
 [  20    5    0    8    0    5  198]]
Macro Precision/Recall/F-score:  (0.7429612704837559, 0.7131142131450183, 0.7207183653463235, None)
Accuracy:  0.7982865062366133
Confusion Metric: 
 [[3158  168    3  159   29    7   20]
 [ 264 1410   17   19   15    2    6]
 [  17   45  258    1    1    1    0]
 [ 441   60    1 1048   21    2    5]
 [ 138   63    1   39   70    1    4]
 [  12    1    0    0    0  190    4]
 [  26    2    0    6    0    0  202]]
Macro Precision/Recall/F-score:  (0.8027061789262365, 0.7375600763002392, 0.7593737071505375, None)

epoch 29/30
ex_result
Accuracy:  0.7585989668640545
Confusion Metric: 
 [[2876  197   10  388   39   13   21]
 [ 192 1410   28   53   36    4   10]
 [  13   47  258    4    0    1    0]
 [ 432   79    3 1028   22    2   12]
 [ 103   64    1   72   72    1    3]
 [  17    1    0    1    0  182    6]
 [  15    4    1   14    2    5  195]]
Macro Precision/Recall/F-score:  (0.7389263791224228, 0.7155279872510274, 0.7228402357553932, None)
Accuracy:  0.7976565452941917
Confusion Metric: 
 [[3037  185    4  256   39    7   16]
 [ 226 1415   24   28   31    4    5]
 [  13   46  259    3    1    1    0]
 [ 343   50    1 1156   21    3    4]
 [ 118   60    1   55   78    1    3]
 [  17    1    0    0    1  184    4]
 [  22    2    0    8    1    1  202]]
Macro Precision/Recall/F-score:  (0.7863819665727123, 0.7427902114939869, 0.7596419435345726, None)

best_epoch:  24 0.7649771834161418 0.7986644828020663


valid f1:  0.7658996402575946 [0.7642852453922563, 0.7684364919643857, 0.7649771834161418]
valid acc: 0.7963126286170258 [0.7945067405820839, 0.7957666624669271, 0.7986644828020663]
