['/home/lizhuoqun/SE_type_code', '/home/lizhuoqun/anconda/envs/py38/lib/python38.zip', '/home/lizhuoqun/anconda/envs/py38/lib/python3.8', '/home/lizhuoqun/anconda/envs/py38/lib/python3.8/lib-dynload', '/home/lizhuoqun/anconda/envs/py38/lib/python3.8/site-packages', '/home/lizhuoqun/SE_type_code/data', '/home/lizhuoqun/SE_type_code/tools', '/home/lizhuoqun/SE_type_code/models', '/home/lizhuoqun/SE_type_code/pre_train']
sentence level BiLSTM
Namespace(BATCH_SIZE=128, DROPOUT=0.5, EPOCHs=30, EX_LOSS=1, FREEZE=0, IF_USE_EX_INITIAL_1=1, IF_USE_EX_INITIAL_2=0, LEARN_RATE=0.001)


time= 1230
use 343 from author
Loading Data...
len(test_X):  981
len(train_X):  3803
paragraph level BiLSTM label embedding

epoch 0/30
ex_result
Accuracy:  0.7380622401411112
Confusion Metric: 
 [[2648  260    5  533   56   15   27]
 [ 162 1407   27   78   44    6    9]
 [  17   52  251    1    1    1    0]
 [ 351   84    3 1098   30    3    9]
 [  83   71    1   75   78    1    7]
 [  12    1    1    3    1  183    6]
 [  18    4    0   19    2    0  193]]
Macro Precision/Recall/F-score:  (0.7207189819765113, 0.7115232184137534, 0.7131605147030007, None)
Accuracy:  0.7456217714501701
Confusion Metric: 
 [[2604  273    5  565   54   15   28]
 [ 161 1416   27   73   41    6    9]
 [  17   51  250    3    1    1    0]
 [ 285   60    2 1199   22    3    7]
 [  83   74    1   74   76    1    7]
 [  13    1    1    2    1  183    6]
 [  18    4    0   22    2    0  190]]
Macro Precision/Recall/F-score:  (0.7279462026101481, 0.7164726573656689, 0.7177676442588814, None)

epoch 1/30
ex_result
Accuracy:  0.7355423963714249
Confusion Metric: 
 [[2606  256    6  571   60   14   31]
 [ 144 1388   37  100   49    5   10]
 [  11   55  254    1    1    1    0]
 [ 318   76    3 1138   30    2   11]
 [  79   66    1   82   81    1    6]
 [  15    2    1    4    1  178    6]
 [  12    7    1   20    2    1  193]]
Macro Precision/Recall/F-score:  (0.7134968863265819, 0.7111176308441791, 0.7093726771061328, None)
Accuracy:  0.7447398261307799
Confusion Metric: 
 [[2599  265    6  570   59   14   31]
 [ 149 1400   37   84   48    5   10]
 [  11   54  254    2    1    1    0]
 [ 278   54    2 1207   26    2    9]
 [  81   67    1   80   80    1    6]
 [  16    2    1    3    1  178    6]
 [  12    7    1   20    2    1  193]]
Macro Precision/Recall/F-score:  (0.7207150630762253, 0.7176191905612216, 0.7156245709117627, None)

epoch 2/30
ex_result
Accuracy:  0.7380622401411112
Confusion Metric: 
 [[2645  234    7  565   53   14   26]
 [ 159 1368   40   99   52    6    9]
 [  13   41  266    1    1    1    0]
 [ 326   80    3 1126   31    3    9]
 [  82   66    1   81   78    1    7]
 [  11    2    1    3    1  183    6]
 [  15    5    1   21    2    0  192]]
Macro Precision/Recall/F-score:  (0.7159594739590999, 0.7167511457258305, 0.7137891026121815, None)
Accuracy:  0.7444878417538112
Confusion Metric: 
 [[2609  222    7  612   52   14   28]
 [ 162 1356   40  109   50    6   10]
 [  13   40  266    2    1    1    0]
 [ 271   44    3 1223   27    3    7]
 [  81   58    1   87   80    1    8]
 [  12    2    1    2    1  183    6]
 [  16    4    1   21    2    0  192]]
Macro Precision/Recall/F-score:  (0.7227507984011973, 0.7239964181976217, 0.7195075627999747, None)

epoch 3/30
ex_result
Accuracy:  0.7462517323925917
Confusion Metric: 
 [[2779  219    7  458   35   14   32]
 [ 196 1369   36   82   34    4   12]
 [  14   45  260    2    1    1    0]
 [ 384   77    3 1078   23    3   10]
 [  99   65    1   78   64    1    8]
 [  15    2    1    6    0  177    6]
 [  16    4    1   18    1    0  196]]
Macro Precision/Recall/F-score:  (0.723131005754628, 0.7071873119081261, 0.70968752267004, None)
Accuracy:  0.7666624669270505
Confusion Metric: 
 [[2954  198    7  302   36   14   33]
 [ 224 1368   36   54   34    4   13]
 [  15   45  260    1    1    1    0]
 [ 428   51    3 1062   23    3    8]
 [ 116   58    1   63   68    1    9]
 [  17    2    1    4    0  177    6]
 [  20    4    1   14    1    0  196]]
Macro Precision/Recall/F-score:  (0.7380760590686964, 0.7145188846688707, 0.7210409414593414, None)

epoch 4/30
ex_result
Accuracy:  0.7500314980471211
Confusion Metric: 
 [[2740  234    3  487   37   14   29]
 [ 169 1412   22   81   32    6   11]
 [  15   56  248    2    1    1    0]
 [ 350   80    3 1110   22    3   10]
 [  92   75    1   70   70    1    7]
 [  14    1    1    4    0  181    6]
 [  18    5    0   20    1    0  192]]
Macro Precision/Recall/F-score:  (0.734727825316537, 0.7098011606468001, 0.7161662174506135, None)
Accuracy:  0.765654529419176
Confusion Metric: 
 [[2806  239    3  414   36   14   32]
 [ 167 1425   22   72   30    6   11]
 [  15   56  248    2    1    1    0]
 [ 328   60    2 1155   22    3    8]
 [  96   76    1   66   69    1    7]
 [  15    1    1    3    0  181    6]
 [  17    5    0   20    1    0  193]]
Macro Precision/Recall/F-score:  (0.7436854568446482, 0.7177603476261629, 0.7243445289423097, None)

epoch 5/30
ex_result
Accuracy:  0.7461257402041074
Confusion Metric: 
 [[2763  218    3  455   65   12   28]
 [ 183 1376   23   80   57    4   10]
 [  16   54  249    2    1    1    0]
 [ 375   76    2 1071   44    3    7]
 [  99   60    1   60   90    1    5]
 [  15    1    1    4    1  179    6]
 [  18    4    0   18    2    0  194]]
Macro Precision/Recall/F-score:  (0.7298546692930545, 0.713544252427358, 0.7203556424400385, None)
Accuracy:  0.7642686153458486
Confusion Metric: 
 [[2846  210    3  380   65   12   28]
 [ 190 1376   23   72   57    4   11]
 [  16   54  249    2    1    1    0]
 [ 346   52    2 1131   39    3    5]
 [ 103   57    1   58   90    1    6]
 [  16    1    1    3    1  179    6]
 [  18    4    0   17    2    0  195]]
Macro Precision/Recall/F-score:  (0.740998208975622, 0.7229271047678759, 0.7305893410264519, None)

epoch 6/30
ex_result
Accuracy:  0.7425979589265466
Confusion Metric: 
 [[2670  218    4  557   53   14   28]
 [ 167 1376   31  101   43    4   11]
 [  13   49  257    2    1    1    0]
 [ 330   73    3 1131   30    3    8]
 [  81   63    1   79   84    1    7]
 [  14    1    1    4    0  181    6]
 [  16    4    0   20    1    0  195]]
Macro Precision/Recall/F-score:  (0.7276085656491877, 0.7180386613801177, 0.7196493780045385, None)
Accuracy:  0.7582209902986015
Confusion Metric: 
 [[2689  220    4  530   56   14   31]
 [ 162 1402   31   79   44    4   11]
 [  13   49  257    2    1    1    0]
 [ 275   55    3 1207   28    3    7]
 [  80   63    1   78   86    1    7]
 [  15    1    1    3    0  181    6]
 [  14    4    0   20    2    0  196]]
Macro Precision/Recall/F-score:  (0.7352770620850093, 0.7293376173396181, 0.7290235144767863, None)

epoch 7/30
ex_result
Accuracy:  0.7449918105077485
Confusion Metric: 
 [[2750  203    5  493   58   11   24]
 [ 184 1352   34   91   56    3   13]
 [  14   45  260    2    1    1    0]
 [ 370   67    2 1094   36    1    8]
 [  92   62    1   69   87    1    4]
 [  18    1    1    4    1  177    5]
 [  20    3    0   18    2    0  193]]
Macro Precision/Recall/F-score:  (0.7297533201985118, 0.7146473032930384, 0.7207308902248297, None)
Accuracy:  0.7612448028222251
Confusion Metric: 
 [[2803  198    5  436   64   11   27]
 [ 190 1361   33   77   56    3   13]
 [  14   45  260    2    1    1    0]
 [ 336   46    2 1155   31    1    7]
 [  94   60    1   63   93    1    4]
 [  19    1    1    3    1  177    5]
 [  21    3    0   17    2    0  193]]
Macro Precision/Recall/F-score:  (0.7403532764148653, 0.7257604502501884, 0.7317251308938689, None)

epoch 8/30
ex_result
Accuracy:  0.7478896308428877
Confusion Metric: 
 [[2720  214    4  519   44   13   30]
 [ 172 1373   35   99   38    3   13]
 [  14   39  266    2    1    1    0]
 [ 341   73    3 1123   25    3   10]
 [  85   70    2   81   73    1    4]
 [  13    1    1    3    0  183    6]
 [  15    4    0   18    1    0  198]]
Macro Precision/Recall/F-score:  (0.7291767051041286, 0.7212865031202261, 0.7209550074586222, None)
Accuracy:  0.7667884591155348
Confusion Metric: 
 [[2785  216    4  448   47   13   31]
 [ 174 1388   35   81   39    3   13]
 [  14   39  266    2    1    1    0]
 [ 303   48    2 1189   23    3   10]
 [  89   70    2   73   77    1    4]
 [  13    1    1    3    0  183    6]
 [  16    4    0   17    1    0  198]]
Macro Precision/Recall/F-score:  (0.7403949645785749, 0.7329264590299511, 0.7327360262451442, None)

epoch 9/30
ex_result
Accuracy:  0.7451178026962328
Confusion Metric: 
 [[2638  215    8  610   39   10   24]
 [ 160 1377   32  110   39    4   11]
 [  14   41  266    1    1    0    0]
 [ 292   63    3 1197   14    2    7]
 [  87   63    2   90   69    1    4]
 [  13    1    1    6    0  181    5]
 [  18    4    1   25    2    0  186]]
Macro Precision/Recall/F-score:  (0.7365620493794491, 0.7145576061184958, 0.7190660576868357, None)
Accuracy:  0.7609928184452563
Confusion Metric: 
 [[2658  209    8  595   39   10   25]
 [ 162 1395   32   89   40    4   11]
 [  14   41  266    1    1    0    0]
 [ 229   45    3 1280   12    2    7]
 [  88   61    2   87   73    1    4]
 [  14    1    1    5    0  181    5]
 [  15    4    1   27    2    0  187]]
Macro Precision/Recall/F-score:  (0.7468579774818147, 0.7267752768690195, 0.7298970631471438, None)

epoch 10/30
ex_result
Accuracy:  0.7395741464029231
Confusion Metric: 
 [[2588  236    6  628   47   16   23]
 [ 144 1400   25  103   45    6   10]
 [  14   56  249    2    1    1    0]
 [ 283   80    2 1179   26    3    5]
 [  83   65    1   83   79    1    4]
 [  12    1    1    5    0  184    4]
 [  14    4    0   24    2    1  191]]
Macro Precision/Recall/F-score:  (0.730410671998065, 0.7149075735125393, 0.7178562824490331, None)
Accuracy:  0.7510394355549956
Confusion Metric: 
 [[2560  234    6  652   53   16   23]
 [ 140 1410   24   96   47    6   10]
 [  14   55  250    2    1    1    0]
 [ 212   53    0 1281   25    3    4]
 [  79   59    1   88   84    1    4]
 [  12    1    1    5    0  184    4]
 [  12    3    0   26    2    1  192]]
Macro Precision/Recall/F-score:  (0.7398056037515804, 0.7271453584692628, 0.727962707205949, None)

epoch 11/30
ex_result
Accuracy:  0.7472596699004662
Confusion Metric: 
 [[2689  236    7  515   51   14   32]
 [ 173 1385   32   86   41    6   10]
 [  13   43  264    1    1    1    0]
 [ 333   74    3 1128   29    2    9]
 [  86   66    1   75   79    1    8]
 [  11    1    1    3    0  185    6]
 [  14    1    2   17    1    0  201]]
Macro Precision/Recall/F-score:  (0.7255232438120108, 0.7265029159032562, 0.7226623114546087, None)
Accuracy:  0.7679223888118937
Confusion Metric: 
 [[2757  240    7  433   58   14   35]
 [ 171 1412   32   60   42    6   10]
 [  13   43  264    1    1    1    0]
 [ 301   55    2 1188   23    2    7]
 [  85   66    1   69   86    1    8]
 [  11    1    1    3    0  185    6]
 [  13    1    2   16    1    0  203]]
Macro Precision/Recall/F-score:  (0.7389099662696784, 0.741276711164012, 0.7371226449899575, None)

epoch 12/30
ex_result
Accuracy:  0.7461257402041074
Confusion Metric: 
 [[2671  218    6  556   57   11   25]
 [ 163 1381   29   96   46    7   11]
 [  15   43  262    1    1    1    0]
 [ 326   69    3 1144   25    2    9]
 [  89   61    1   77   83    1    4]
 [  11    1    1    2    1  187    4]
 [  16    3    1   20    2    0  194]]
Macro Precision/Recall/F-score:  (0.7319239936100985, 0.7249628259339455, 0.7256172283850273, None)
Accuracy:  0.7620007559531309
Confusion Metric: 
 [[2666  210    6  565   60   11   26]
 [ 161 1394   29   81   50    7   11]
 [  15   43  262    1    1    1    0]
 [ 255   40    1 1259   14    2    7]
 [  88   58    1   79   85    1    4]
 [  11    1    1    2    1  187    4]
 [  14    3    1   21    2    0  195]]
Macro Precision/Recall/F-score:  (0.7440359931791434, 0.7377534072195718, 0.7371312870673058, None)

epoch 13/30
ex_result
Accuracy:  0.7515434043089328
Confusion Metric: 
 [[2698  256    5  489   51   14   31]
 [ 138 1434   26   76   43    6   10]
 [  13   48  259    1    1    1    0]
 [ 343   87    3 1103   30    2   10]
 [  91   64    1   64   90    1    5]
 [  12    1    1    2    1  185    5]
 [  14    3    1   20    2    0  196]]
Macro Precision/Recall/F-score:  (0.7338610353666793, 0.7283765076601129, 0.7283828522967685, None)
Accuracy:  0.7725840997858133
Confusion Metric: 
 [[2786  277    5  376   53   14   33]
 [ 140 1464   26   44   43    6   10]
 [  13   48  259    1    1    1    0]
 [ 320   73    3 1145   27    2    8]
 [  94   66    1   54   95    1    5]
 [  13    1    1    1    1  185    5]
 [  13    3    1   19    2    0  198]]
Macro Precision/Recall/F-score:  (0.7475733077992198, 0.7416700864869109, 0.7421143769183579, None)

epoch 14/30
ex_result
Accuracy:  0.746377724581076
Confusion Metric: 
 [[2702  224    5  524   50   12   27]
 [ 169 1398   25   82   45    3   11]
 [  16   52  251    2    1    1    0]
 [ 348   74    3 1113   31    2    7]
 [  89   67    1   69   84    1    5]
 [  14    1    1    2    0  184    5]
 [  21    2    1   18    2    0  192]]
Macro Precision/Recall/F-score:  (0.734423233031494, 0.7171132739628902, 0.7229114082085998, None)
Accuracy:  0.7621267481416152
Confusion Metric: 
 [[2749  233    5  460   56   12   29]
 [ 168 1420   25   59   47    3   11]
 [  16   52  251    2    1    1    0]
 [ 312   63    3 1162   29    2    7]
 [  90   65    1   66   88    1    5]
 [  14    1    1    2    0  184    5]
 [  19    2    1   17    2    0  195]]
Macro Precision/Recall/F-score:  (0.7423240654913984, 0.7288816535018778, 0.7331361070775904, None)

epoch 15/30
ex_result
Accuracy:  0.742345974549578
Confusion Metric: 
 [[2622  231    6  609   39   12   25]
 [ 157 1415   26   94   30    3    8]
 [  14   54  250    3    1    1    0]
 [ 312   72    3 1153   28    2    8]
 [  82   66    1   84   78    1    4]
 [  12    1    1    3    0  184    6]
 [  17    6    1   19    3    0  190]]
Macro Precision/Recall/F-score:  (0.7382285791145012, 0.7145456831796427, 0.7207477082585207, None)
Accuracy:  0.7614967871991937
Confusion Metric: 
 [[2656  232    6  574   38   12   26]
 [ 161 1429   24   76   32    3    8]
 [  14   53  251    3    1    1    0]
 [ 245   49    1 1253   22    2    6]
 [  87   62    1   83   78    1    4]
 [  11    1    1    4    0  184    6]
 [  13    4    1   22    3    0  193]]
Macro Precision/Recall/F-score:  (0.752245202116461, 0.7283815905902655, 0.7337452044389011, None)

epoch 16/30
ex_result
Accuracy:  0.7376842635756583
Confusion Metric: 
 [[2564  247    6  641   40   13   33]
 [ 137 1417   27  108   29    3   12]
 [  12   50  258    2    1    0    0]
 [ 304   69    3 1165   25    2   10]
 [  72   69    1   92   72    1    9]
 [  11    1    1    5    0  183    6]
 [  14    3    1   20    2    0  196]]
Macro Precision/Recall/F-score:  (0.7281997073681292, 0.7172265708031672, 0.7157134544662914, None)
Accuracy:  0.7579690059216329
Confusion Metric: 
 [[2602  256    6  590   41   13   36]
 [ 140 1439   26   83   30    3   12]
 [  12   50  258    2    1    0    0]
 [ 238   47    2 1262   17    2   10]
 [  76   62    1   96   71    1    9]
 [  11    1    1    5    0  183    6]
 [  10    2    1   20    2    0  201]]
Macro Precision/Recall/F-score:  (0.7404044843345456, 0.7319278844886729, 0.7279323100335838, None)

epoch 17/30
ex_result
Accuracy:  0.7485195917853094
Confusion Metric: 
 [[2678  213    5  555   48   11   34]
 [ 159 1396   32   94   37    3   12]
 [  12   47  260    3    1    0    0]
 [ 319   71    3 1149   26    2    8]
 [  84   60    1   84   77    1    9]
 [  14    1    1    4    0  181    6]
 [  12    2    1   19    2    0  200]]
Macro Precision/Recall/F-score:  (0.7311305851023862, 0.7228282798072799, 0.7224494977731535, None)
Accuracy:  0.7641426231573643
Confusion Metric: 
 [[2696  219    3  531   49   11   35]
 [ 157 1401   29   94   37    3   12]
 [  12   47  260    3    1    0    0]
 [ 257   48    1 1246   17    2    7]
 [  86   59    1   83   77    1    9]
 [  14    1    1    4    0  181    6]
 [   9    2    1   18    2    0  204]]
Macro Precision/Recall/F-score:  (0.7447103570341971, 0.7351687862361423, 0.734118409524312, None)

epoch 18/30
ex_result
Accuracy:  0.7431019276804838
Confusion Metric: 
 [[2647  229    6  577   46    9   30]
 [ 156 1406   30   89   40    2   10]
 [  14   43  262    2    1    1    0]
 [ 327   74    3 1134   29    2    9]
 [  83   73    1   76   75    1    7]
 [  14    1    1    4    0  182    5]
 [  18    4    1   20    1    0  192]]
Macro Precision/Recall/F-score:  (0.7302787301368504, 0.7168729809542026, 0.7194857483666885, None)
Accuracy:  0.7538112637016505
Confusion Metric: 
 [[2655  233    6  553   57    9   31]
 [ 156 1418   30   74   43    2   10]
 [  14   43  262    2    1    1    0]
 [ 291   56    3 1193   27    2    6]
 [  83   71    1   74   80    1    6]
 [  14    1    1    4    0  182    5]
 [  17    3    1   21    1    0  193]]
Macro Precision/Recall/F-score:  (0.7367711191968894, 0.7263916835193, 0.7281358786199102, None)

epoch 19/30
ex_result
Accuracy:  0.7456217714501701
Confusion Metric: 
 [[2655  243    5  553   49   11   28]
 [ 158 1415   27   77   43    3   10]
 [  12   47  259    3    1    1    0]
 [ 323   78    3 1138   27    2    7]
 [  87   69    1   78   74    1    6]
 [  11    1    1    4    0  185    5]
 [  15    5    1   20    3    0  192]]
Macro Precision/Recall/F-score:  (0.7309332033284793, 0.7185909478054372, 0.7211027487820305, None)
Accuracy:  0.763260677837974
Confusion Metric: 
 [[2698  245    3  500   59   11   28]
 [ 157 1429   26   61   47    3   10]
 [  12   48  258    3    1    1    0]
 [ 275   59    1 1212   25    2    4]
 [  89   65    1   72   82    1    6]
 [  11    1    1    3    0  185    6]
 [  14    4    1   20    3    0  194]]
Macro Precision/Recall/F-score:  (0.7437839109471496, 0.7325625934852018, 0.7351357087137688, None)

epoch 20/30
ex_result
Accuracy:  0.7483935995968249
Confusion Metric: 
 [[2675  249    5  520   55   13   27]
 [ 145 1430   26   79   37    3   13]
 [  11   51  257    3    0    1    0]
 [ 329   80    2 1124   33    2    8]
 [  87   69    2   77   73    1    7]
 [  13    1    1    3    0  184    5]
 [  10    7    2   19    1    0  197]]
Macro Precision/Recall/F-score:  (0.7283240322015215, 0.7203660730982204, 0.7207961703807415, None)
Accuracy:  0.7661584981731132
Confusion Metric: 
 [[2732  259    5  449   58   13   28]
 [ 144 1447   26   59   41    3   13]
 [  11   52  256    3    0    1    0]
 [ 304   53    2 1183   28    2    6]
 [  91   65    2   70   80    1    7]
 [  13    1    1    3    0  184    5]
 [  10    7    2   17    1    0  199]]
Macro Precision/Recall/F-score:  (0.7409188460736937, 0.7333393159710421, 0.73397849008167, None)

epoch 21/30
ex_result
Accuracy:  0.7447398261307799
Confusion Metric: 
 [[2733  201    5  522   47   11   25]
 [ 197 1379   33   75   34    2   13]
 [  15   42  262    2    1    1    0]
 [ 362   79    3 1094   31    1    8]
 [  97   62    2   78   68    1    8]
 [  14    2    1    4    0  181    5]
 [  18    2    1   19    2    0  194]]
Macro Precision/Recall/F-score:  (0.7280308482627849, 0.7118486471937823, 0.7162506266915953, None)
Accuracy:  0.7689303263197682
Confusion Metric: 
 [[2806  202    5  445   50   10   26]
 [ 195 1398   33   58   34    2   13]
 [  15   43  262    1    1    1    0]
 [ 300   55    2 1190   23    1    7]
 [  99   61    2   76   69    1    8]
 [  14    2    1    4    0  181    5]
 [  16    2    1   18    2    0  197]]
Macro Precision/Recall/F-score:  (0.7437467815474706, 0.7273164706589302, 0.7314158575793863, None)

epoch 22/30
ex_result
Accuracy:  0.7473856620889505
Confusion Metric: 
 [[2697  236    4  493   73   12   29]
 [ 160 1425   24   64   43    2   15]
 [  13   49  256    3    1    1    0]
 [ 368   81    3 1087   32    2    5]
 [  87   66    1   70   84    1    7]
 [  13    2    1    3    0  183    5]
 [  12    4    1   18    1    0  200]]
Macro Precision/Recall/F-score:  (0.7305522504622105, 0.7231475303591619, 0.7247364031515079, None)
Accuracy:  0.7686783419427995
Confusion Metric: 
 [[2799  241    4  373   88   11   28]
 [ 163 1441   24   44   44    2   15]
 [  13   50  255    3    1    1    0]
 [ 344   64    2 1127   35    2    4]
 [  89   64    1   61   94    1    6]
 [  12    2    1    3    0  184    5]
 [  12    3    1   18    1    0  201]]
Macro Precision/Recall/F-score:  (0.7449092649879905, 0.7375732340665487, 0.7399686662757219, None)

epoch 23/30
ex_result
Accuracy:  0.7457477636386544
Confusion Metric: 
 [[2682  228    4  554   36   12   28]
 [ 153 1432   29   79   23    4   13]
 [  13   51  255    3    0    1    0]
 [ 359   86    3 1100   20    2    8]
 [  90   69    2   77   68    1    9]
 [  12    1    1    4    0  184    5]
 [  13    3    1   18    2    1  198]]
Macro Precision/Recall/F-score:  (0.7356485283859229, 0.7161007394947959, 0.718346949250623, None)
Accuracy:  0.7747259669900466
Confusion Metric: 
 [[2817  229    4  413   40   12   29]
 [ 156 1456   28   52   24    4   13]
 [  13   51  255    3    0    1    0]
 [ 332   60    2 1164   13    2    5]
 [ 100   62    2   70   72    1    9]
 [  12    1    1    4    0  184    5]
 [  13    2    1   16    2    1  201]]
Macro Precision/Recall/F-score:  (0.7554828544172331, 0.7329391863604029, 0.7369649352311599, None)

epoch 24/30
ex_result
Accuracy:  0.7473856620889505
Confusion Metric: 
 [[2693  221    4  531   56   14   25]
 [ 163 1410   31   83   34    4    8]
 [  11   51  257    2    1    1    0]
 [ 351   73    3 1118   24    2    7]
 [  91   59    1   80   79    1    5]
 [  13    1    1    2    0  185    5]
 [  16    3    1   23    2    1  190]]
Macro Precision/Recall/F-score:  (0.7338363216890851, 0.7180651141268505, 0.722473659180061, None)
Accuracy:  0.7650245684767545
Confusion Metric: 
 [[2746  225    4  459   71   14   25]
 [ 159 1429   31   65   37    4    8]
 [  11   50  258    2    1    1    0]
 [ 316   54    2 1170   29    2    5]
 [  89   60    1   71   89    1    5]
 [  11    1    1    3    0  186    5]
 [  18    3    1   17    2    1  194]]
Macro Precision/Recall/F-score:  (0.7435365996695519, 0.7345498599259896, 0.7370623226946004, None)

epoch 25/30
ex_result
Accuracy:  0.7548192012095251
Confusion Metric: 
 [[2796  219    3  443   43   13   27]
 [ 173 1416   24   72   34    5    9]
 [  16   52  253    2    0    0    0]
 [ 378   79    3 1085   26    2    5]
 [  92   65    2   80   68    1    8]
 [  14    2    1    3    0  181    6]
 [  18    3    1   20    2    0  192]]
Macro Precision/Recall/F-score:  (0.7367721541512238, 0.711432219758518, 0.7196512531131797, None)
Accuracy:  0.7733400529167191
Confusion Metric: 
 [[2859  227    3  367   49   12   27]
 [ 173 1442   22   48   34    5    9]
 [  16   53  252    2    0    0    0]
 [ 347   65    1 1139   20    2    4]
 [  94   70    2   72   69    1    8]
 [  13    2    1    3    0  182    6]
 [  18    3    1   17    2    0  195]]
Macro Precision/Recall/F-score:  (0.7502977357943446, 0.7235195490731826, 0.7323727298687247, None)

epoch 26/30
ex_result
Accuracy:  0.7511654277434799
Confusion Metric: 
 [[2728  237    7  476   50   14   32]
 [ 153 1424   34   68   38    3   13]
 [  12   47  261    1    1    1    0]
 [ 359   91    3 1087   27    2    9]
 [  81   71    1   73   81    1    8]
 [  12    1    1    3    0  184    6]
 [  10    4    1   21    2    1  197]]
Macro Precision/Recall/F-score:  (0.7274723437612248, 0.7240440165058893, 0.7224113399037322, None)
Accuracy:  0.7743479904245937
Confusion Metric: 
 [[2825  238    7  370   56   14   34]
 [ 154 1444   34   47   38    3   13]
 [  12   47  261    1    1    1    0]
 [ 331   70    2 1144   23    2    6]
 [  87   67    1   64   87    1    9]
 [  12    1    1    3    0  184    6]
 [  12    4    1   14    3    1  201]]
Macro Precision/Recall/F-score:  (0.7428300542331705, 0.7398967381314281, 0.7384553088161864, None)

epoch 27/30
ex_result
Accuracy:  0.7472596699004662
Confusion Metric: 
 [[2703  222    7  534   36   15   27]
 [ 168 1398   35   90   26    5   11]
 [  12   44  265    2    0    0    0]
 [ 352   74    3 1128   13    2    6]
 [  92   66    2   93   56    1    6]
 [  13    1    1    3    0  184    5]
 [  12    2    1   20    2    2  197]]
Macro Precision/Recall/F-score:  (0.7300544691528456, 0.7150718981710292, 0.7145023321630403, None)
Accuracy:  0.7674184200579564
Confusion Metric: 
 [[2744  240    5  475   38   15   27]
 [ 166 1434   32   60   25    5   11]
 [  12   45  264    2    0    0    0]
 [ 300   53    1 1206   12    2    4]
 [  94   67    2   87   59    1    6]
 [  13    1    1    3    0  184    5]
 [  11    2    1   18    2    2  200]]
Macro Precision/Recall/F-score:  (0.7455804942457906, 0.7294835113473308, 0.7294230948722291, None)

epoch 28/30
ex_result
Accuracy:  0.7461257402041074
Confusion Metric: 
 [[2720  184    6  547   49   13   25]
 [ 185 1364   30   94   45    4   11]
 [  13   47  258    3    1    1    0]
 [ 346   67    3 1121   33    2    6]
 [  92   55    1   81   79    1    7]
 [  13    1    1    3    0  184    5]
 [  19    4    1   14    2    0  196]]
Macro Precision/Recall/F-score:  (0.7308864003947215, 0.7190172385473345, 0.7221274897213606, None)
Accuracy:  0.7641426231573643
Confusion Metric: 
 [[2766  188    5  496   49   13   27]
 [ 184 1372   29   87   46    4   11]
 [  13   47  258    3    1    1    0]
 [ 304   40    1 1207   19    2    5]
 [  93   54    1   83   77    1    7]
 [  10    1    1    4    0  185    6]
 [  17    4    1   12    2    0  200]]
Macro Precision/Recall/F-score:  (0.7438083790741798, 0.7315238498490684, 0.7337417289502179, None)

epoch 29/30
ex_result
Accuracy:  0.7447398261307799
Confusion Metric: 
 [[2624  233    3  602   41   12   29]
 [ 153 1415   30   88   33    4   10]
 [  15   51  254    1    1    1    0]
 [ 292   80    3 1174   19    2    8]
 [  84   68    1   85   69    1    8]
 [  14    1    1    4    0  182    5]
 [  13    4    1   23    2    0  193]]
Macro Precision/Recall/F-score:  (0.7325804472588516, 0.7146635740089577, 0.7170783214272445, None)
Accuracy:  0.7617487715761623
Confusion Metric: 
 [[2638  240    3  584   40   11   28]
 [ 149 1440   29   69   32    4   10]
 [  15   52  253    1    1    1    0]
 [ 217   69    2 1270   12    2    6]
 [  83   72    1   82   69    1    8]
 [  14    1    1    4    0  182    5]
 [  11    4    1   24    2    0  194]]
Macro Precision/Recall/F-score:  (0.7468401688916151, 0.7261427175132725, 0.7283361971123051, None)

best_epoch:  13 0.7421143769183579 0.7725840997858133


time= 1231
use 343 from author
Loading Data...
len(test_X):  981
len(train_X):  3803
paragraph level BiLSTM label embedding

epoch 0/30
ex_result
Accuracy:  0.7594809121834446
Confusion Metric: 
 [[2956  243   10  271   23   19   22]
 [ 179 1445   30   53    8    6   12]
 [  13   43  263    2    1    1    0]
 [ 474  116    3  961    9    3   12]
 [ 121   72    1   79   35    2    6]
 [  17    1    0    0    0  184    5]
 [  34    4    0   12    0    2  184]]
Macro Precision/Recall/F-score:  (0.7365953625667414, 0.6957785131383517, 0.6998632003969745, None)
Accuracy:  0.7676704044349251
Confusion Metric: 
 [[2950  258   10  264   21   19   22]
 [ 190 1445   30   42    8    6   12]
 [  13   42  263    3    1    1    0]
 [ 424   95    3 1034    9    3   10]
 [ 138   74    1   62   33    2    6]
 [  17    1    0    0    0  184    5]
 [  35    5    0   10    0    2  184]]
Macro Precision/Recall/F-score:  (0.742753479503989, 0.7012412236820571, 0.7052520516079408, None)

epoch 1/30
ex_result
Accuracy:  0.7630086934610054
Confusion Metric: 
 [[2975  227    9  265   25   16   27]
 [ 183 1439   28   55   10    5   13]
 [  14   52  252    4    0    1    0]
 [ 473  101    3  971   15    3   12]
 [ 113   71    1   78   44    2    7]
 [  16    1    0    0    0  184    6]
 [  27    3    0   13    0    2  191]]
Macro Precision/Recall/F-score:  (0.7401615050217492, 0.7003959998830301, 0.7063132874900516, None)
Accuracy:  0.7754819201209525
Confusion Metric: 
 [[3023  236    9  209   24   16   27]
 [ 196 1443   28   38   10    5   13]
 [  15   52  252    3    0    1    0]
 [ 449   78    3 1021   14    3   10]
 [ 136   72    1   57   41    2    7]
 [  16    1    0    0    0  184    6]
 [  29    4    0   10    0    2  191]]
Macro Precision/Recall/F-score:  (0.7495858788358157, 0.7058308800867674, 0.7129014550061327, None)

epoch 2/30
ex_result
Accuracy:  0.7613707950107094
Confusion Metric: 
 [[2995  235    4  234   38   11   27]
 [ 184 1444   27   50   12    3   13]
 [  19   44  255    4    0    1    0]
 [ 509  112    2  919   22    3   11]
 [ 116   68    2   66   57    2    5]
 [  20    1    0    0    0  181    5]
 [  30    3    0   10    0    1  192]]
Macro Precision/Recall/F-score:  (0.7461294667857542, 0.7026455865404172, 0.7145655405990435, None)
Accuracy:  0.7719541388433917
Confusion Metric: 
 [[3017  244    4  203   38   11   27]
 [ 185 1453   27   40   12    3   13]
 [  20   44  255    3    0    1    0]
 [ 485   84    2  975   20    3    9]
 [ 133   70    2   50   54    2    5]
 [  20    1    0    0    0  181    5]
 [  30    4    0    9    0    1  192]]
Macro Precision/Recall/F-score:  (0.7539725795820683, 0.7079877679554029, 0.7206966197148127, None)

epoch 3/30
ex_result
Accuracy:  0.7620007559531309
Confusion Metric: 
 [[2983  253    9  225   34   14   26]
 [ 171 1456   32   44   13    4   13]
 [  14   40  265    3    0    1    0]
 [ 506  125    3  910   19    4   11]
 [ 107   69    2   66   64    2    6]
 [  20    1    0    0    0  183    3]
 [  30    4    0   11    1    3  187]]
Macro Precision/Recall/F-score:  (0.7452825482204408, 0.7082773048403006, 0.7164869392096296, None)
Accuracy:  0.7763638654403427
Confusion Metric: 
 [[3035  254    9  172   33   14   27]
 [ 180 1458   32   33   13    4   13]
 [  14   40  265    3    0    1    0]
 [ 482   91    3  972   17    4    9]
 [ 130   68    2   46   62    2    6]
 [  20    1    0    0    0  183    3]
 [  33    4    0    8    1    3  187]]
Macro Precision/Recall/F-score:  (0.7575377554356778, 0.715247002155639, 0.7251679336791966, None)

epoch 4/30
ex_result
Accuracy:  0.7617487715761623
Confusion Metric: 
 [[2998  233    7  242   29   11   24]
 [ 187 1441   31   45   11    4   14]
 [  17   46  257    2    0    1    0]
 [ 511  113    3  920   18    3   10]
 [ 115   69    2   67   57    2    4]
 [  20    1    0    0    0  181    5]
 [  27    4    0   11    1    1  192]]
Macro Precision/Recall/F-score:  (0.7507015986709284, 0.7034943098289183, 0.7151136710130421, None)
Accuracy:  0.7774977951367015
Confusion Metric: 
 [[3059  259    7  152   29   11   27]
 [ 182 1470   31   22   11    4   13]
 [  17   47  257    1    0    1    0]
 [ 501   96    3  950   18    3    7]
 [ 126   79    2   44   59    2    4]
 [  20    1    0    0    0  181    5]
 [  25    5    0    8    2    1  195]]
Macro Precision/Recall/F-score:  (0.7653772915302689, 0.7137798186998384, 0.726432409559818, None)

epoch 5/30
ex_result
Accuracy:  0.7618747637646466
Confusion Metric: 
 [[2985  227    9  254   29   15   25]
 [ 183 1440   27   50   13    5   15]
 [  14   57  247    4    0    1    0]
 [ 501   95    2  957   10    3   10]
 [ 116   75    2   71   47    2    3]
 [  20    1    0    0    0  182    4]
 [  27    4    0   12    1    3  189]]
Macro Precision/Recall/F-score:  (0.7436920913223856, 0.6961680137856624, 0.7065398129069772, None)
Accuracy:  0.776111881063374
Confusion Metric: 
 [[3014  244    9  206   28   15   28]
 [ 178 1453   27   43   12    5   15]
 [  13   58  247    4    0    1    0]
 [ 460   72    2 1024    9    3    8]
 [ 125   78    2   58   48    2    3]
 [  20    1    0    0    0  182    4]
 [  25    5    0   10    1    3  192]]
Macro Precision/Recall/F-score:  (0.7555106709298443, 0.7067422304736931, 0.7168135938938771, None)

epoch 6/30
ex_result
Accuracy:  0.7609928184452563
Confusion Metric: 
 [[2937  240    8  281   38   18   22]
 [ 174 1441   31   51   17    6   13]
 [  14   47  257    4    0    1    0]
 [ 474   99    3  965   22    4   11]
 [ 110   67    2   66   63    2    6]
 [  16    1    0    0    0  185    5]
 [  25    4    0   13    1    1  192]]
Macro Precision/Recall/F-score:  (0.7379348289044821, 0.7105823003888673, 0.7164446745990619, None)
Accuracy:  0.7774977951367015
Confusion Metric: 
 [[2958  269    8  224   41   18   26]
 [ 167 1465   31   35   17    6   12]
 [  13   48  257    4    0    1    0]
 [ 424   74    3 1045   20    4    8]
 [ 111   75    2   53   67    2    6]
 [  16    1    0    0    0  185    5]
 [  23    5    0   12    1    1  194]]
Macro Precision/Recall/F-score:  (0.7503534162661631, 0.723668616677123, 0.7292917421025373, None)

epoch 7/30
ex_result
Accuracy:  0.7631346856494897
Confusion Metric: 
 [[2986  208    9  271   42   13   15]
 [ 197 1423   23   56   20    4   10]
 [  16   58  244    4    0    1    0]
 [ 483   90    1  965   27    3    9]
 [ 106   63    2   66   73    2    4]
 [  21    1    0    0    0  181    4]
 [  28    5    0   15    1    2  185]]
Macro Precision/Recall/F-score:  (0.7521508729014187, 0.7028469825954909, 0.7211524429341892, None)
Accuracy:  0.7817815295451682
Confusion Metric: 
 [[3025  219    9  213   47   13   18]
 [ 191 1439   23   42   24    4   10]
 [  15   59  244    4    0    1    0]
 [ 431   60    1 1048   28    3    7]
 [ 117   62    2   49   80    2    4]
 [  21    1    0    0    0  181    4]
 [  29    5    0    9    3    2  188]]
Macro Precision/Recall/F-score:  (0.763477267641937, 0.7182325609006064, 0.7358126851572501, None)

epoch 8/30
ex_result
Accuracy:  0.760866826256772
Confusion Metric: 
 [[2961  252    8  248   43   13   19]
 [ 169 1451   25   49   22    4   13]
 [  16   51  251    4    0    1    0]
 [ 495  109    2  931   28    3   10]
 [ 105   71    1   57   77    1    4]
 [  20    1    0    0    0  181    5]
 [  29    3    0   14    1    2  187]]
Macro Precision/Recall/F-score:  (0.7481357322188471, 0.7071842892873044, 0.7215126404574292, None)
Accuracy:  0.7787577170215446
Confusion Metric: 
 [[2988  271    7  193   51   13   21]
 [ 164 1469   25   33   25    4   13]
 [  16   52  251    3    0    1    0]
 [ 441   81    2 1016   31    3    4]
 [ 106   71    1   46   87    1    4]
 [  20    1    0    0    0  181    5]
 [  27    3    0   12    3    2  189]]
Macro Precision/Recall/F-score:  (0.7615893204408025, 0.7231829923708154, 0.7377704043310277, None)

epoch 9/30
ex_result
Accuracy:  0.7623787325185839
Confusion Metric: 
 [[2966  242    7  263   33   11   22]
 [ 171 1447   24   50   25    4   12]
 [  16   53  249    4    0    1    0]
 [ 489   98    2  953   23    3   10]
 [ 110   67    0   68   65    1    5]
 [  23    1    0    1    0  179    3]
 [  23    3    0   14    1    3  192]]
Macro Precision/Recall/F-score:  (0.748667522156048, 0.7043846276169088, 0.7188071591135763, None)
Accuracy:  0.7814035529797153
Confusion Metric: 
 [[2995  246    7  221   39   11   25]
 [ 164 1463   25   37   28    4   12]
 [  16   54  249    3    0    1    0]
 [ 432   65    2 1049   23    3    4]
 [ 117   66    0   53   74    1    5]
 [  23    1    0    1    0  179    3]
 [  22    4    0   13    1    3  193]]
Macro Precision/Recall/F-score:  (0.7626928231728317, 0.7202375121396077, 0.7352858003984678, None)

epoch 10/30
ex_result
Accuracy:  0.7628827012725211
Confusion Metric: 
 [[2918  255   10  276   49   14   22]
 [ 155 1454   27   58   23    5   11]
 [  15   50  253    4    0    1    0]
 [ 455  104    1  978   27    3   10]
 [  95   75    2   64   75    1    4]
 [  16    1    0    1    0  186    3]
 [  23    6    0   12    1    3  191]]
Macro Precision/Recall/F-score:  (0.7430063738287066, 0.7158055800208161, 0.7243842859531873, None)
Accuracy:  0.7816555373566839
Confusion Metric: 
 [[2925  261   10  235   72   15   26]
 [ 147 1477   28   37   28    5   11]
 [  14   51  253    4    0    1    0]
 [ 397   68    1 1071   33    3    5]
 [  98   72    2   46   93    1    4]
 [  11    1    0    1    0  191    3]
 [  19    6    0   11    3    3  194]]
Macro Precision/Recall/F-score:  (0.7531962157209915, 0.7398071218275833, 0.7441313247333221, None)

epoch 11/30
ex_result
Accuracy:  0.7611188106337408
Confusion Metric: 
 [[2952  227    5  282   48   14   16]
 [ 162 1441   28   66   25    4    7]
 [  17   53  248    4    0    1    0]
 [ 482   90    2  961   31    3    9]
 [ 105   69    1   66   69    1    5]
 [  21    1    0    0    0  182    3]
 [  24    5    0   15    1    3  188]]
Macro Precision/Recall/F-score:  (0.7438952862368892, 0.7050650589480484, 0.7196095477783836, None)
Accuracy:  0.785309310822729
Confusion Metric: 
 [[3031  221    4  207   53   13   15]
 [ 168 1457   29   33   34    5    7]
 [  16   53  249    4    0    1    0]
 [ 443   54    2 1048   24    3    4]
 [ 116   65    0   55   77    1    2]
 [  20    1    0    0    0  183    3]
 [  25    4    0   14    2    3  188]]
Macro Precision/Recall/F-score:  (0.7664570493098752, 0.7221936546279206, 0.7399403656079331, None)

epoch 12/30
ex_result
Accuracy:  0.7604888496913191
Confusion Metric: 
 [[2921  214    6  332   42   14   15]
 [ 188 1417   21   64   30    5    8]
 [  16   61  242    3    0    1    0]
 [ 443   84    1 1011   26    3   10]
 [ 106   62    0   71   72    1    4]
 [  17    1    0    0    0  185    4]
 [  24    4    0   17    1    2  188]]
Macro Precision/Recall/F-score:  (0.7493019632203227, 0.7071365240594494, 0.7228990307977091, None)
Accuracy:  0.7851833186342447
Confusion Metric: 
 [[2938  229    5  287   52   16   17]
 [ 168 1464   21   33   35    5    7]
 [  16   59  245    2    0    1    0]
 [ 367   57    1 1120   26    2    5]
 [ 110   60    0   53   88    1    4]
 [  15    1    0    0    0  187    4]
 [  21    4    0   18    1    2  190]]
Macro Precision/Recall/F-score:  (0.7681337056991124, 0.7327150193671291, 0.7467615750156972, None)

epoch 13/30
ex_result
Accuracy:  0.76401663096888
Confusion Metric: 
 [[2917  267    6  274   37   19   24]
 [ 143 1480   26   47   20    5   12]
 [  13   53  253    3    0    1    0]
 [ 462  105    1  972   22    5   11]
 [ 101   83    0   65   60    1    6]
 [  17    1    0    0    0  184    5]
 [  16    6    0   13    1    2  198]]
Macro Precision/Recall/F-score:  (0.7398383311643835, 0.7134411890963154, 0.7183108808063603, None)
Accuracy:  0.7864432405190879
Confusion Metric: 
 [[2938  276    5  233   47   20   25]
 [ 141 1505   25   25   21    5   11]
 [  13   54  252    3    0    1    0]
 [ 378   75    1 1086   26    6    6]
 [ 105   80    0   52   70    1    8]
 [  12    1    0    0    0  189    5]
 [  16    5    0   10    1    2  202]]
Macro Precision/Recall/F-score:  (0.754949001536268, 0.7366194807157306, 0.7393924692561786, None)

epoch 14/30
ex_result
Accuracy:  0.7607408340682877
Confusion Metric: 
 [[2888  257    7  329   32   13   18]
 [ 154 1456   30   61   20    4    8]
 [  15   53  250    4    0    1    0]
 [ 435   98    1 1004   29    2    9]
 [  99   74    1   67   70    1    4]
 [  20    1    0    0    0  181    5]
 [  24    5    0   15    1    2  189]]
Macro Precision/Recall/F-score:  (0.7494056325239992, 0.7088663990567693, 0.7222920953754094, None)
Accuracy:  0.7848053420687917
Confusion Metric: 
 [[2921  266    7  278   40   12   20]
 [ 152 1483   29   35   24    4    6]
 [  14   54  251    3    0    1    0]
 [ 357   65    1 1120   29    2    4]
 [ 102   72    1   53   85    1    2]
 [  19    1    0    0    0  182    5]
 [  26    7    0   13    1    2  187]]
Macro Precision/Recall/F-score:  (0.7701056076411447, 0.7296268099177575, 0.7448852455706133, None)

epoch 15/30
ex_result
Accuracy:  0.7606148418798034
Confusion Metric: 
 [[2937  234    8  297   37   14   17]
 [ 169 1450   28   54   18    4   10]
 [  11   58  249    4    0    1    0]
 [ 469   98    2  974   24    2    9]
 [ 110   77    3   65   55    1    5]
 [  21    1    0    1    0  180    4]
 [  25    6    1   10    1    1  192]]
Macro Precision/Recall/F-score:  (0.7416649552410075, 0.7015334263220875, 0.7138718178452608, None)
Accuracy:  0.787325185838478
Confusion Metric: 
 [[3004  241    6  223   37   14   19]
 [ 173 1478   27   25   17    4    9]
 [  10   57  251    4    0    1    0]
 [ 404   65    1 1077   25    2    4]
 [ 117   73    3   57   63    1    2]
 [  21    1    0    1    0  180    4]
 [  26    4    1    7    1    1  196]]
Macro Precision/Recall/F-score:  (0.7680239355217341, 0.7227894549889784, 0.737738999389453, None)

epoch 16/30
ex_result
Accuracy:  0.7582209902986015
Confusion Metric: 
 [[2867  258    5  335   39   19   21]
 [ 148 1466   24   63   17    5   10]
 [  14   55  249    4    0    1    0]
 [ 448  101    1  986   30    3    9]
 [  99   74    2   61   74    1    5]
 [  17    1    0    0    0  185    4]
 [  18    5    0   15    3    4  191]]
Macro Precision/Recall/F-score:  (0.7428550365208411, 0.712551897460715, 0.7214542014694842, None)
Accuracy:  0.7830414514300114
Confusion Metric: 
 [[2906  274    5  278   43   20   18]
 [ 142 1500   24   35   19    5    8]
 [  13   56  250    3    0    1    0]
 [ 378   65    1 1101   27    2    4]
 [ 107   76    2   49   79    1    2]
 [  14    1    0    0    0  188    4]
 [  20    5    0   13    3    4  191]]
Macro Precision/Recall/F-score:  (0.7650686633065381, 0.732110789666082, 0.7427447770532802, None)

epoch 17/30
ex_result
Accuracy:  0.7574650371676956
Confusion Metric: 
 [[2900  256    7  302   43   19   17]
 [ 153 1466   25   54   23    4    8]
 [  13   63  242    4    0    1    0]
 [ 469  110    1  960   28    3    7]
 [ 103   69    0   65   73    1    5]
 [  17    1    0    1    0  185    3]
 [  26    7    0   10    3    4  186]]
Macro Precision/Recall/F-score:  (0.7434101945238648, 0.7049536311109643, 0.7181912475465352, None)
Accuracy:  0.7793876779639662
Confusion Metric: 
 [[2908  292    7  249   52   19   17]
 [ 142 1503   25   28   24    5    6]
 [   7   66  245    4    0    1    0]
 [ 410   68    1 1066   27    2    4]
 [ 107   70    0   53   83    1    2]
 [  15    1    0    0    0  188    3]
 [  25    4    0    6    4    4  193]]
Macro Precision/Recall/F-score:  (0.7633268746142657, 0.7300777024557453, 0.7418037913230646, None)

epoch 18/30
ex_result
Accuracy:  0.7572130527907269
Confusion Metric: 
 [[2923  219    6  326   41   12   17]
 [ 177 1429   23   65   27    4    8]
 [  16   57  245    4    0    1    0]
 [ 472   92    1  974   29    2    8]
 [ 101   70    1   69   70    1    4]
 [  22    1    0    0    0  180    4]
 [  23    4    0   13    4    3  189]]
Macro Precision/Recall/F-score:  (0.7461284377270356, 0.7024340742576838, 0.719122706489231, None)
Accuracy:  0.7817815295451682
Confusion Metric: 
 [[2983  237    6  238   46   13   21]
 [ 170 1467   25   24   33    5    9]
 [  13   58  247    4    0    1    0]
 [ 429   65    1 1050   27    2    4]
 [ 115   63    1   52   81    1    3]
 [  21    1    0    0    0  181    4]
 [  23    2    0    8    4    3  196]]
Macro Precision/Recall/F-score:  (0.7635046387958541, 0.725650296947063, 0.7402243636819842, None)

epoch 19/30
ex_result
Accuracy:  0.760866826256772
Confusion Metric: 
 [[2977  226    7  275   35   13   11]
 [ 185 1435   23   52   25    5    8]
 [   9   60  250    3    0    1    0]
 [ 495  102    1  936   34    3    7]
 [ 104   68    0   62   77    1    4]
 [  20    1    0    1    0  182    3]
 [  27    5    0   13    3    6  182]]
Macro Precision/Recall/F-score:  (0.7535907481085731, 0.7041841746784009, 0.7229422880067116, None)
Accuracy:  0.7843013733148545
Confusion Metric: 
 [[3050  231    7  188   45   13   10]
 [ 184 1459   23   25   29    5    8]
 [   8   56  255    3    0    1    0]
 [ 470   69    1 1000   33    2    3]
 [ 111   61    0   48   92    1    3]
 [  19    1    0    1    0  183    3]
 [  25    3    0   12    4    6  186]]
Macro Precision/Recall/F-score:  (0.7761746675522716, 0.7270031718431674, 0.7467625020669105, None)

epoch 20/30
ex_result
Accuracy:  0.7550711855864937
Confusion Metric: 
 [[2889  238    6  337   49   14   11]
 [ 169 1437   22   52   40    4    9]
 [  13   56  251    2    0    1    0]
 [ 462   99    2  978   28    2    7]
 [ 102   71    1   62   75    1    4]
 [  19    1    0    0    0  183    4]
 [  28    3    1   18    2    4  180]]
Macro Precision/Recall/F-score:  (0.7428911414404676, 0.7036216805082375, 0.719475099359265, None)
Accuracy:  0.7816555373566839
Confusion Metric: 
 [[2924  245    6  285   59   13   12]
 [ 161 1466   21   29   46    4    6]
 [  12   56  252    2    0    1    0]
 [ 375   65    2 1105   27    2    2]
 [ 104   68    0   55   86    1    2]
 [  15    1    0    0    0  187    4]
 [  29    1    1   14    3    4  184]]
Macro Precision/Recall/F-score:  (0.7658766283688817, 0.7295174493607419, 0.7449020774761342, None)

epoch 21/30
ex_result
Accuracy:  0.7599848809373819
Confusion Metric: 
 [[2965  271    6  248   30   10   14]
 [ 160 1489   19   35   17    4    9]
 [   9   62  249    2    0    1    0]
 [ 523  112    2  900   31    2    8]
 [ 120   75    2   58   58    1    2]
 [  20    1    0    0    0  182    4]
 [  27    5    0   11    1    3  189]]
Macro Precision/Recall/F-score:  (0.7548433288422436, 0.7000982611271638, 0.7179511895599295, None)
Accuracy:  0.7814035529797153
Confusion Metric: 
 [[3060  280    6  136   38   10   14]
 [ 165 1505   19   15   18    4    7]
 [   9   62  250    1    0    1    0]
 [ 508   88    1  942   34    2    3]
 [ 124   78    2   40   70    1    1]
 [  19    1    0    0    0  183    4]
 [  30    6    0    4    1    3  192]]
Macro Precision/Recall/F-score:  (0.7791895718171666, 0.7174222360463148, 0.7389141226499554, None)

epoch 22/30
ex_result
Accuracy:  0.7569610684137583
Confusion Metric: 
 [[2932  214    6  323   32   17   20]
 [ 176 1435   23   61   24    4   10]
 [  11   65  242    4    0    1    0]
 [ 464  102    2  974   23    4    9]
 [ 112   73    1   66   57    2    5]
 [  19    1    0    1    0  182    4]
 [  24    4    2   12    2    6  186]]
Macro Precision/Recall/F-score:  (0.7350387696154425, 0.6956518617998475, 0.7075616779929442, None)
Accuracy:  0.7836714123724329
Confusion Metric: 
 [[2987  223    6  252   38   16   22]
 [ 178 1461   24   33   26    5    6]
 [  11   64  244    3    0    1    0]
 [ 397   68    2 1080   22    3    6]
 [ 116   68    1   59   67    2    3]
 [  15    1    0    1    0  186    4]
 [  23    3    2    5    2    6  195]]
Macro Precision/Recall/F-score:  (0.7587633665357617, 0.7232222182066413, 0.7343702995379211, None)

epoch 23/30
ex_result
Accuracy:  0.7604888496913191
Confusion Metric: 
 [[3006  205    8  249   36   22   18]
 [ 185 1423   32   56   23    5    9]
 [  11   55  254    2    0    1    0]
 [ 525   92    2  923   22    4   10]
 [ 116   73    1   61   60    2    3]
 [  16    1    0    1    0  186    3]
 [  27    4    2   10    3    6  184]]
Macro Precision/Recall/F-score:  (0.7357351198564107, 0.7012420089280734, 0.7107564126038894, None)
Accuracy:  0.7821595061106211
Confusion Metric: 
 [[3069  220    8  165   41   21   20]
 [ 190 1451   33   21   23    5   10]
 [  11   51  258    2    0    1    0]
 [ 503   65    2  971   28    3    6]
 [ 122   66    0   44   79    2    3]
 [  15    1    0    0    0  188    3]
 [  25    3    2    6    3    5  192]]
Macro Precision/Recall/F-score:  (0.7608587378851007, 0.7270166306357387, 0.7371404112902502, None)

epoch 24/30
ex_result
Accuracy:  0.761622779387678
Confusion Metric: 
 [[2982  199    7  291   36   13   16]
 [ 195 1412   27   64   21    4   10]
 [  11   51  256    4    0    1    0]
 [ 490   84    2  963   26    3   10]
 [ 109   70    0   67   63    2    5]
 [  20    1    0    1    0  181    4]
 [  27    4    1   12    1    3  188]]
Macro Precision/Recall/F-score:  (0.7462294936286921, 0.7042004865645353, 0.7183806371020113, None)
Accuracy:  0.7855612951996976
Confusion Metric: 
 [[3054  211    6  206   38   13   16]
 [ 195 1440   29   33   22    4   10]
 [   8   50  260    4    0    1    0]
 [ 447   60    1 1037   23    3    7]
 [ 115   68    0   56   70    2    5]
 [  18    1    0    1    0  183    4]
 [  28    4    1    8    1    3  191]]
Macro Precision/Recall/F-score:  (0.7673782611735687, 0.724240098523909, 0.7388910804212238, None)

epoch 25/30
ex_result
Accuracy:  0.7596069043719289
Confusion Metric: 
 [[2968  223    7  284   36   11   15]
 [ 184 1435   19   57   23    6    9]
 [  15   59  246    2    0    1    0]
 [ 495  101    1  945   26    2    8]
 [ 109   76    0   61   63    2    5]
 [  21    1    0    0    0  181    4]
 [  28    6    1    7    1    2  191]]
Macro Precision/Recall/F-score:  (0.7507947954268445, 0.7012957311949756, 0.7185696019135909, None)
Accuracy:  0.7840493889378859
Confusion Metric: 
 [[3048  232    7  185   47   10   15]
 [ 180 1462   20   29   28    6    8]
 [  15   58  247    2    0    1    0]
 [ 461   70    0 1012   29    2    4]
 [ 116   73    0   50   73    2    2]
 [  20    1    0    0    0  182    4]
 [  25    6    1    2    2    1  199]]
Macro Precision/Recall/F-score:  (0.7719748395641481, 0.7233075682059017, 0.7417829809634345, None)

epoch 26/30
ex_result
Accuracy:  0.7578430137331486
Confusion Metric: 
 [[2921  212    5  324   50   14   18]
 [ 182 1428   23   61   27    3    9]
 [  13   55  249    4    1    1    0]
 [ 473   82    2  971   36    3   11]
 [ 104   72    0   61   73    2    4]
 [  18    1    0    2    0  182    4]
 [  21    5    1   12    3    3  191]]
Macro Precision/Recall/F-score:  (0.7405085761619176, 0.7077157135462052, 0.7203668942480783, None)
Accuracy:  0.7835454201839486
Confusion Metric: 
 [[2989  222    5  236   62   14   16]
 [ 181 1456   23   27   36    3    7]
 [  10   57  251    3    1    1    0]
 [ 427   55    2 1050   33    4    7]
 [ 111   67    0   46   87    2    3]
 [  17    1    0    1    0  184    4]
 [  20    4    1    3    3    3  202]]
Macro Precision/Recall/F-score:  (0.7636881241843968, 0.735169347361339, 0.7466323800820878, None)

epoch 27/30
ex_result
Accuracy:  0.7589769434295074
Confusion Metric: 
 [[3029  207    5  245   31   14   13]
 [ 207 1425   22   48   20    5    6]
 [  13   58  248    3    0    1    0]
 [ 552   93    1  891   30    4    7]
 [ 115   70    0   57   67    2    5]
 [  19    1    0    0    0  183    4]
 [  30    7    1   10    2    5  181]]
Macro Precision/Recall/F-score:  (0.7536078248614787, 0.696061509702423, 0.7162078224840773, None)
Accuracy:  0.7798916467179035
Confusion Metric: 
 [[3131  211    5  137   38   12   10]
 [ 217 1437   22   22   27    5    3]
 [  13   56  250    3    0    1    0]
 [ 549   63    0  927   34    2    3]
 [ 127   69    0   38   78    2    2]
 [  19    1    0    0    0  183    4]
 [  34    6    1    6    3    2  184]]
Macro Precision/Recall/F-score:  (0.781898607627629, 0.7120948063568806, 0.7387070725788119, None)

epoch 28/30
ex_result
Accuracy:  0.7584729746755701
Confusion Metric: 
 [[2916  204    6  355   39   11   13]
 [ 186 1402   24   79   28    3   11]
 [   8   59  251    3    1    1    0]
 [ 447   80    1 1013   26    2    9]
 [ 103   65    0   70   70    2    6]
 [  18    1    0    2    0  182    4]
 [  24    5    1   14    2    4  186]]
Macro Precision/Recall/F-score:  (0.7468369240357886, 0.7056748689886954, 0.7211263041338732, None)
Accuracy:  0.7894670530427114
Confusion Metric: 
 [[3016  210    6  247   44    8   13]
 [ 193 1429   23   42   33    4    9]
 [   6   58  254    3    1    1    0]
 [ 394   43    1 1115   18    2    5]
 [ 118   61    0   58   74    2    3]
 [  15    1    0    0    0  187    4]
 [  25    3    1   12    3    1  191]]
Macro Precision/Recall/F-score:  (0.7753276009597813, 0.730778096184235, 0.748199321099779, None)

epoch 29/30
ex_result
Accuracy:  0.7594809121834446
Confusion Metric: 
 [[2973  212    7  276   42   16   18]
 [ 192 1417   26   53   30    4   11]
 [  11   50  260    1    0    1    0]
 [ 504   96    3  927   37    2    9]
 [ 108   72    0   52   77    2    5]
 [  17    1    0    0    0  185    4]
 [  25    7    0   10    1    4  189]]
Macro Precision/Recall/F-score:  (0.7426290413016529, 0.7124548632297403, 0.7231584340420456, None)
Accuracy:  0.7814035529797153
Confusion Metric: 
 [[3039  213    7  200   51   15   19]
 [ 196 1442   21   23   36    5   10]
 [  11   50  260    1    0    1    0]
 [ 468   70    3  992   37    2    6]
 [ 114   65    0   46   86    2    3]
 [  16    1    0    0    0  186    4]
 [  26    5    0    4    2    2  197]]
Macro Precision/Recall/F-score:  (0.7638040619723118, 0.7326620765252904, 0.7444388773502901, None)

best_epoch:  28 0.748199321099779 0.7894670530427114


time= 1232
use 343 from author
Loading Data...
len(test_X):  981
len(train_X):  3803
paragraph level BiLSTM label embedding

epoch 0/30
ex_result
Accuracy:  0.7496535214816681
Confusion Metric: 
 [[2977  196    7  263   57   16   28]
 [ 232 1360   35   56   31    6   13]
 [  16   46  258    2    0    1    0]
 [ 540   91    3  903   25    5   11]
 [ 107   62    2   58   79    2    6]
 [  16    1    0    1    0  183    6]
 [  25    5    1    9    1    5  190]]
Macro Precision/Recall/F-score:  (0.7245638486342963, 0.7049893229407739, 0.7105198724297086, None)
Accuracy:  0.7631346856494897
Confusion Metric: 
 [[3083  198    7  156   56   16   28]
 [ 255 1370   35   23   31    6   13]
 [  17   46  258    1    0    1    0]
 [ 564   77    3  897   23    5    9]
 [ 130   65    2   35   76    2    6]
 [  17    1    0    0    0  183    6]
 [  25    5    1    9    1    5  190]]
Macro Precision/Recall/F-score:  (0.739183084168576, 0.7081870507609832, 0.7169522809110661, None)

epoch 1/30
ex_result
Accuracy:  0.7540632480786191
Confusion Metric: 
 [[3032  205    7  222   49   11   18]
 [ 228 1400   28   43   23    6    5]
 [  15   51  252    4    0    1    0]
 [ 569   98    3  869   30    3    6]
 [ 124   71    1   49   68    1    2]
 [  19    1    0    0    0  182    5]
 [  31    7    0   10    2    4  182]]
Macro Precision/Recall/F-score:  (0.745078819612741, 0.6942663353885834, 0.7131157195643044, None)
Accuracy:  0.7651505606652388
Confusion Metric: 
 [[3105  207    7  147   49   11   18]
 [ 235 1416   28   21   22    6    5]
 [  17   51  252    2    0    1    0]
 [ 577   88    3  875   27    3    5]
 [ 140   75    1   34   63    1    2]
 [  19    1    0    0    0  182    5]
 [  31    7    0   12    2    4  180]]
Macro Precision/Recall/F-score:  (0.7552996744270948, 0.6956000009798079, 0.7166097987928736, None)

epoch 2/30
ex_result
Accuracy:  0.7572130527907269
Confusion Metric: 
 [[3018  193    4  236   57   16   20]
 [ 227 1395   21   52   27    6    5]
 [  17   57  243    4    1    1    0]
 [ 538   80    3  911   35    3    8]
 [ 111   69    2   53   76    1    4]
 [  17    1    0    1    0  183    5]
 [  25    5    0   12    6    4  184]]
Macro Precision/Recall/F-score:  (0.7417151250535962, 0.698628997318334, 0.7156512988175282, None)
Accuracy:  0.7657805216076603
Confusion Metric: 
 [[3072  210    4  163   59   16   20]
 [ 231 1424   21   20   26    6    5]
 [  18   57  243    3    1    1    0]
 [ 544   91    3  896   34    3    7]
 [ 115   78    2   41   75    1    4]
 [  18    1    0    0    0  183    5]
 [  25    6    0   10    6    4  185]]
Macro Precision/Recall/F-score:  (0.7505884993365368, 0.7019915738001618, 0.7199806467687085, None)

epoch 3/30
ex_result
Accuracy:  0.7577170215446642
Confusion Metric: 
 [[2943  203    8  309   47   10   24]
 [ 216 1395   33   53   22    5    9]
 [  13   48  257    3    1    1    0]
 [ 468   90    4  983   21    3    9]
 [ 112   70    2   63   63    1    5]
 [  19    1    0    1    0  181    5]
 [  23    6    0   11    1    3  192]]
Macro Precision/Recall/F-score:  (0.7374174254509217, 0.7059012445025556, 0.7160163055562413, None)
Accuracy:  0.7719541388433917
Confusion Metric: 
 [[2988  209    8  255   48   10   26]
 [ 218 1409   33   38   21    5    9]
 [  13   48  257    3    1    1    0]
 [ 438   70    4 1037   20    3    6]
 [ 117   72    2   55   64    1    5]
 [  19    1    0    1    0  181    5]
 [  23    6    0   12    1    3  191]]
Macro Precision/Recall/F-score:  (0.7477602932218884, 0.7136046437462653, 0.7248420393846553, None)

epoch 4/30
ex_result
Accuracy:  0.7606148418798034
Confusion Metric: 
 [[2929  179   10  348   46   14   18]
 [ 226 1369   24   73   26    5   10]
 [  14   43  259    4    2    1    0]
 [ 430   75    3 1039   19    3    9]
 [ 109   61    2   70   69    1    4]
 [  18    1    0    0    0  184    4]
 [  25    5    0   11    3    4  188]]
Macro Precision/Recall/F-score:  (0.743630110114832, 0.7115094772152724, 0.7227699102624258, None)
Accuracy:  0.776489857628827
Confusion Metric: 
 [[2962  179   10  313   46   14   20]
 [ 236 1380   24   52   26    5   10]
 [  16   43  259    2    2    1    0]
 [ 372   55    3 1123   18    3    4]
 [ 117   57    2   64   71    1    4]
 [  18    1    0    0    0  184    4]
 [  24    4    0   17    3    4  184]]
Macro Precision/Recall/F-score:  (0.7553524353632456, 0.7198338754232184, 0.7327247182643724, None)

epoch 5/30
ex_result
Accuracy:  0.7553231699634623
Confusion Metric: 
 [[3015  185    7  253   51    9   24]
 [ 250 1342   27   59   38    6   11]
 [  16   50  251    3    2    1    0]
 [ 512   87    3  930   31    3   12]
 [ 114   55    1   55   86    1    4]
 [  20    1    0    1    0  180    5]
 [  23    4    0   12    2    4  191]]
Macro Precision/Recall/F-score:  (0.7405261751523945, 0.7060851240265642, 0.7197822488294726, None)
Accuracy:  0.7706942169585486
Confusion Metric: 
 [[3063  188    7  197   54    9   26]
 [ 256 1363   27   32   38    6   11]
 [  17   50  251    2    2    1    0]
 [ 488   71    3  974   30    3    9]
 [ 119   55    1   44   92    1    4]
 [  20    1    0    1    0  180    5]
 [  21    4    0   11    2    4  194]]
Macro Precision/Recall/F-score:  (0.754311360518151, 0.7182628862962062, 0.7324837963882455, None)

epoch 6/30
ex_result
Accuracy:  0.7589769434295074
Confusion Metric: 
 [[2988  194    5  273   46   14   24]
 [ 235 1392   28   42   19    6   11]
 [  15   51  252    4    0    1    0]
 [ 485   98    4  949   27    3   12]
 [ 118   62    2   60   67    1    6]
 [  17    1    0    1    0  183    5]
 [  21    5    0   11    2    4  193]]
Macro Precision/Recall/F-score:  (0.7378310668710072, 0.7059723343991992, 0.7158180940472031, None)
Accuracy:  0.773718029482172
Confusion Metric: 
 [[3047  197    5  205   48   14   28]
 [ 242 1405   28   22   19    6   11]
 [  17   51  252    2    0    1    0]
 [ 462   88    4  988   23    3   10]
 [ 122   66    2   50   69    1    6]
 [  17    1    0    1    0  183    5]
 [  18    5    0   10    2    4  197]]
Macro Precision/Recall/F-score:  (0.7498060898353822, 0.7162783906105347, 0.7261538226651466, None)

epoch 7/30
ex_result
Accuracy:  0.7604888496913191
Confusion Metric: 
 [[2929  200    8  322   50   13   22]
 [ 217 1390   32   52   24    7   11]
 [  16   42  260    3    1    1    0]
 [ 436   85    4 1013   25    3   12]
 [ 107   68    2   64   70    1    4]
 [  17    1    0    1    0  183    5]
 [  21    5    0   13    1    5  191]]
Macro Precision/Recall/F-score:  (0.73520875861975, 0.7129069973686387, 0.7196712844889881, None)
Accuracy:  0.776489857628827
Confusion Metric: 
 [[2979  203    8  266   53   13   22]
 [ 220 1401   31   39   24    7   11]
 [  17   42  260    2    1    1    0]
 [ 405   62    3 1078   21    3    6]
 [ 115   68    2   54   72    1    4]
 [  17    1    0    1    0  183    5]
 [  20    4    0   16    1    5  190]]
Macro Precision/Recall/F-score:  (0.7497029691554438, 0.7220125593577225, 0.731401070083458, None)

epoch 8/30
ex_result
Accuracy:  0.7570870606022426
Confusion Metric: 
 [[2884  187    9  382   44   15   23]
 [ 211 1379   29   69   28    6   11]
 [  17   43  257    4    1    1    0]
 [ 415   80    3 1042   24    3   11]
 [ 106   62    2   70   71    1    4]
 [  16    1    0    1    0  184    5]
 [  18    4    0   18    1    3  192]]
Macro Precision/Recall/F-score:  (0.7357003989944915, 0.7132323743876299, 0.719961138527054, None)
Accuracy:  0.7739700138591408
Confusion Metric: 
 [[2886  191    7  371   49   15   25]
 [ 213 1393   28   53   29    6   11]
 [  18   43  257    3    1    1    0]
 [ 338   56    3 1152   20    3    6]
 [ 105   60    2   67   77    1    4]
 [  16    1    0    1    0  184    5]
 [  16    4    0   18    1    3  194]]
Macro Precision/Recall/F-score:  (0.7497556252447257, 0.7283485487477674, 0.7348433258320952, None)

epoch 9/30
ex_result
Accuracy:  0.7611188106337408
Confusion Metric: 
 [[2966  183    8  309   44   14   20]
 [ 210 1382   27   64   33    6   11]
 [  12   51  253    4    2    1    0]
 [ 460   81    4  996   23    3   11]
 [ 112   62    1   65   71    1    4]
 [  17    1    0    1    0  185    3]
 [  24    4    0   15    1    4  188]]
Macro Precision/Recall/F-score:  (0.739719527128576, 0.7091203515629951, 0.7200026334973596, None)
Accuracy:  0.7795136701524505
Confusion Metric: 
 [[3006  184    8  262   47   14   23]
 [ 213 1389   27   54   33    6   11]
 [  13   51  253    3    2    1    0]
 [ 404   50    4 1088   22    3    7]
 [ 116   59    1   59   76    1    4]
 [  17    1    0    1    0  185    3]
 [  22    4    0   15    1    4  190]]
Macro Precision/Recall/F-score:  (0.7532063131397042, 0.723109627101168, 0.734128562475691, None)

epoch 10/30
ex_result
Accuracy:  0.7614967871991937
Confusion Metric: 
 [[2987  169    7  306   38   15   22]
 [ 233 1373   25   62   21    6   13]
 [  18   52  248    3    1    1    0]
 [ 465   74    4  992   28    3   12]
 [ 112   64    1   67   64    1    7]
 [  17    1    0    1    0  183    5]
 [  20    3    0   13    0    3  197]]
Macro Precision/Recall/F-score:  (0.7396124890649572, 0.707554541538152, 0.7170643527265043, None)
Accuracy:  0.7786317248330603
Confusion Metric: 
 [[3077  177    7  203   40   15   25]
 [ 240 1384   25   43   22    6   13]
 [  20   51  249    1    1    1    0]
 [ 459   53    4 1016   27    3   16]
 [ 121   65    1   54   67    1    7]
 [  17    1    0    1    0  183    5]
 [  19    2    0    8    0    3  204]]
Macro Precision/Recall/F-score:  (0.7513385024002018, 0.7202977125235595, 0.7285808379280161, None)

epoch 11/30
ex_result
Accuracy:  0.7564570996598211
Confusion Metric: 
 [[2984  165    8  301   50   17   19]
 [ 258 1351   27   49   33    7    8]
 [  15   42  260    3    2    1    0]
 [ 489   82    4  963   26    3   11]
 [ 110   66    2   61   72    1    4]
 [  18    1    0    1    0  182    5]
 [  19    4    1   14    1    5  192]]
Macro Precision/Recall/F-score:  (0.7351546323520485, 0.7082019496136839, 0.7177789938734974, None)
Accuracy:  0.7708202091470329
Confusion Metric: 
 [[3032  174    8  235   56   17   22]
 [ 264 1357   27   34   36    7    8]
 [  16   42  260    1    3    1    0]
 [ 462   62    4 1015   26    3    6]
 [ 117   63    2   51   78    1    4]
 [  18    1    0    1    0  182    5]
 [  18    4    1   13    1    5  194]]
Macro Precision/Recall/F-score:  (0.746572408207267, 0.7192621275520457, 0.7295053619840915, None)

epoch 12/30
ex_result
Accuracy:  0.7602368653143505
Confusion Metric: 
 [[3001  162    8  293   48   14   18]
 [ 253 1363   21   48   32    5   11]
 [  16   49  253    3    1    1    0]
 [ 476   77    5  980   27    3   10]
 [ 123   58    1   66   63    1    4]
 [  15    1    0    2    0  185    4]
 [  21    4    0   16    1    5  189]]
Macro Precision/Recall/F-score:  (0.7385464640177243, 0.7045051537203998, 0.7170042102971147, None)
Accuracy:  0.7759858888748897
Confusion Metric: 
 [[3070  169    8  211   50   14   22]
 [ 257 1376   21   28   34    6   11]
 [  18   49  253    1    1    1    0]
 [ 470   59    3 1013   24    3    6]
 [ 128   58    1   55   69    1    4]
 [  16    1    0    1    0  185    4]
 [  21    4    0   12    1    5  193]]
Macro Precision/Recall/F-score:  (0.7535409877443738, 0.7164794409186171, 0.7300270262049063, None)

epoch 13/30
ex_result
Accuracy:  0.7647725840997858
Confusion Metric: 
 [[2936  219    5  318   34   14   18]
 [ 200 1423   19   57   19    5   10]
 [  13   52  253    3    1    1    0]
 [ 424   92    4 1024   21    3   10]
 [ 113   67    2   69   59    1    5]
 [  16    2    0    1    0  184    4]
 [  22    3    0   15    1    4  191]]
Macro Precision/Recall/F-score:  (0.749198171371926, 0.7095265840298408, 0.7213520535586947, None)
Accuracy:  0.7816555373566839
Confusion Metric: 
 [[2981  223    5  266   35   14   20]
 [ 205 1438   19   34   21    6   10]
 [  14   52  253    1    2    1    0]
 [ 384   74    3 1088   19    3    7]
 [ 118   67    2   59   64    1    5]
 [  16    2    0    1    0  184    4]
 [  21    3    0   11    1    4  196]]
Macro Precision/Recall/F-score:  (0.7625208717159419, 0.7236580013194607, 0.735380189636447, None)

epoch 14/30
ex_result
Accuracy:  0.7597328965604132
Confusion Metric: 
 [[2983  165    7  303   49   11   26]
 [ 234 1358   32   59   32    4   14]
 [  16   43  257    4    2    1    0]
 [ 469   79    3  988   25    2   12]
 [ 121   58    1   65   64    1    6]
 [  15    2    0    2    0  183    5]
 [  21    2    0   13    0    3  197]]
Macro Precision/Recall/F-score:  (0.7338089605688491, 0.7097752192520399, 0.7173580640438315, None)
Accuracy:  0.7777497795136702
Confusion Metric: 
 [[3079  162    7  203   51   11   31]
 [ 240 1368   32   40   35    4   14]
 [  18   43  257    0    3    1    1]
 [ 467   59    2 1015   22    2   11]
 [ 132   56    1   53   66    1    7]
 [  17    2    0    0    0  183    5]
 [  20    1    0    7    0    3  205]]
Macro Precision/Recall/F-score:  (0.7467639065698022, 0.7226603709286056, 0.7293754548439247, None)

epoch 15/30
ex_result
Accuracy:  0.7569610684137583
Confusion Metric: 
 [[3013  167    5  281   39   15   24]
 [ 258 1358   22   60   19    6   10]
 [  17   48  252    3    2    1    0]
 [ 508   77    3  951   24    3   12]
 [ 118   66    1   62   62    1    6]
 [  17    1    0    1    0  183    5]
 [  23    5    1   12    1    5  189]]
Macro Precision/Recall/F-score:  (0.7396167346210574, 0.6996766927295395, 0.7123848388744631, None)
Accuracy:  0.7782537482676074
Confusion Metric: 
 [[3071  165    5  219   42   15   27]
 [ 268 1366   21   42   20    6   10]
 [  18   46  254    1    3    1    0]
 [ 447   56    3 1039   22    3    8]
 [ 124   59    1   55   70    1    6]
 [  17    1    0    0    0  184    5]
 [  22    5    1    9    1    5  193]]
Macro Precision/Recall/F-score:  (0.7578521488922781, 0.7182534399915966, 0.7312692424764744, None)

epoch 16/30
ex_result
Accuracy:  0.7578430137331486
Confusion Metric: 
 [[2906  188    7  359   40   19   25]
 [ 225 1385   22   66   19    6   10]
 [  14   53  249    4    2    1    0]
 [ 435   77    5 1030   16    4   11]
 [ 110   67    1   68   64    1    5]
 [  13    1    0    1    0  187    5]
 [  18    5    0   14    0    5  194]]
Macro Precision/Recall/F-score:  (0.7391435968072612, 0.7101056523559998, 0.7168989020140685, None)
Accuracy:  0.7763638654403427
Confusion Metric: 
 [[2959  187    7  299   42   19   31]
 [ 233 1394   21   48   21    6   10]
 [  15   51  252    2    2    1    0]
 [ 392   55    5 1100   15    4    7]
 [ 117   63    1   58   70    1    6]
 [  12    1    0    1    0  188    5]
 [  16    4    0   12    0    5  199]]
Macro Precision/Recall/F-score:  (0.7523866418483048, 0.7270771859277483, 0.7325057793246457, None)

epoch 17/30
ex_result
Accuracy:  0.7577170215446642
Confusion Metric: 
 [[2966  211    7  293   35   13   19]
 [ 204 1409   21   57   27    4   11]
 [  12   52  252    4    2    1    0]
 [ 506   81    4  955   20    2   10]
 [ 113   70    1   65   62    1    4]
 [  17    1    0    1    0  183    5]
 [  24    4    0   16    0    5  187]]
Macro Precision/Recall/F-score:  (0.7437395659552681, 0.7011377160515873, 0.7153331827988304, None)
Accuracy:  0.7767418420057957
Confusion Metric: 
 [[3050  212    7  204   35   14   22]
 [ 219 1419   20   32   28    4   11]
 [  14   50  254    2    2    1    0]
 [ 488   58    3  997   19    2   11]
 [ 124   67    1   51   68    1    4]
 [  18    1    0    0    0  183    5]
 [  21    3    0   13    0    5  194]]
Macro Precision/Recall/F-score:  (0.7603191228085989, 0.716984666168765, 0.7309943383144756, None)

epoch 18/30
ex_result
Accuracy:  0.7587249590525388
Confusion Metric: 
 [[2900  217    7  355   30   17   18]
 [ 203 1425   19   54   18    4   10]
 [  13   54  249    4    2    1    0]
 [ 431   90    2 1029   16    3    7]
 [ 111   76    0   71   53    1    4]
 [  14    1    0    1    0  187    4]
 [  24    4    0   21    2    6  179]]
Macro Precision/Recall/F-score:  (0.745052569061294, 0.6990178234081945, 0.7122895496780988, None)
Accuracy:  0.776489857628827
Confusion Metric: 
 [[2949  219    7  298   30   17   24]
 [ 208 1435   18   39   17    5   11]
 [  14   53  251    2    2    1    0]
 [ 391   69    2 1094   15    3    4]
 [ 118   73    0   58   61    1    5]
 [  14    1    0    1    0  187    4]
 [  19    3    0   20    2    6  186]]
Macro Precision/Recall/F-score:  (0.7600379647206532, 0.7164402991449063, 0.7284564202591668, None)

epoch 19/30
ex_result
Accuracy:  0.7621267481416152
Confusion Metric: 
 [[3045  169    8  256   36   12   18]
 [ 258 1352   27   56   27    4    9]
 [  17   45  254    4    2    1    0]
 [ 510   70    5  966   18    1    8]
 [ 126   57    2   67   59    1    4]
 [  18    1    0    0    0  183    5]
 [  26    3    0   13    0    4  190]]
Macro Precision/Recall/F-score:  (0.7487310789475158, 0.7019636087635931, 0.7179678173009478, None)
Accuracy:  0.7817815295451682
Confusion Metric: 
 [[3127  168    8  173   36   12   20]
 [ 267 1363   27   35   28    4    9]
 [  19   45  254    2    2    1    0]
 [ 484   48    4 1020   17    1    4]
 [ 133   55    2   58   63    1    4]
 [  18    1    0    0    0  183    5]
 [  22    3    0   12    0    4  195]]
Macro Precision/Recall/F-score:  (0.7666345021932081, 0.7158993620289479, 0.7333818873829545, None)

epoch 20/30
ex_result
Accuracy:  0.7572130527907269
Confusion Metric: 
 [[2952  223    7  283   47   14   18]
 [ 213 1401   25   48   33    4    9]
 [  14   49  253    4    2    1    0]
 [ 482   91    4  967   24    2    8]
 [ 112   69    1   59   69    1    5]
 [  18    1    0    1    0  182    5]
 [  21    4    1   17    2    5  186]]
Macro Precision/Recall/F-score:  (0.7390179292623946, 0.7033116617278027, 0.7167003578787646, None)
Accuracy:  0.7773718029482172
Confusion Metric: 
 [[3022  223    6  206   52   15   20]
 [ 221 1415   25   25   34    4    9]
 [  15   49  254    1    3    1    0]
 [ 447   71    4 1028   22    2    4]
 [ 121   66    1   47   75    1    5]
 [  18    1    0    1    0  182    5]
 [  18    4    1   12    2    5  194]]
Macro Precision/Recall/F-score:  (0.7559930382458759, 0.7208071358665393, 0.7340322286689511, None)

epoch 21/30
ex_result
Accuracy:  0.7569610684137583
Confusion Metric: 
 [[3027  163    7  286   31   12   18]
 [ 292 1304   31   65   26    5   10]
 [  15   39  263    3    2    1    0]
 [ 495   67    5  975   23    2   11]
 [ 127   61    1   58   62    1    6]
 [  15    1    0    1    0  185    5]
 [  21    3    1   14    1    4  192]]
Macro Precision/Recall/F-score:  (0.7436596490543872, 0.7060237003516853, 0.7177970604665453, None)
Accuracy:  0.7742219982361094
Confusion Metric: 
 [[3057  158    7  256   31   13   22]
 [ 302 1310   31   47   28    5   10]
 [  16   37  265    2    2    1    0]
 [ 435   46    4 1065   18    2    8]
 [ 132   58    1   53   65    1    6]
 [  15    1    0    1    0  185    5]
 [  17    2    1   13    1    4  198]]
Macro Precision/Recall/F-score:  (0.757267367921193, 0.7217480983878402, 0.7321771467052226, None)

epoch 22/30
ex_result
Accuracy:  0.7543152324555877
Confusion Metric: 
 [[2889  195    7  361   46   19   27]
 [ 225 1376   25   58   29    5   15]
 [  15   48  254    4    1    1    0]
 [ 429   83    4 1027   21    2   12]
 [ 109   70    1   66   61    1    8]
 [  14    1    0    1    0  186    5]
 [  18    6    0   12    2    4  194]]
Macro Precision/Recall/F-score:  (0.7252541767930938, 0.7085719381534156, 0.7117235723721862, None)
Accuracy:  0.7762378732518583
Confusion Metric: 
 [[2953  193    7  293   48   19   31]
 [ 231 1392   24   38   28    5   15]
 [  16   48  254    3    1    1    0]
 [ 378   56    3 1109   21    2    9]
 [ 115   69    1   58   64    1    8]
 [  13    1    0    1    0  187    5]
 [  14    4    0   10    2    4  202]]
Macro Precision/Recall/F-score:  (0.7411445885609053, 0.7267831726321062, 0.7286105652984166, None)

epoch 23/30
ex_result
Accuracy:  0.7562051152828525
Confusion Metric: 
 [[2916  185    7  361   37   11   27]
 [ 236 1383   28   51   18    3   14]
 [  12   48  256    6    0    1    0]
 [ 440   86    4 1017   18    2   11]
 [ 109   72    1   69   55    1    9]
 [  17    1    0    1    0  183    5]
 [  21    4    0   15    0    4  192]]
Macro Precision/Recall/F-score:  (0.7364708594669419, 0.7042230655328786, 0.7120222088630367, None)
Accuracy:  0.7773718029482172
Confusion Metric: 
 [[2975  187    7  295   37   11   32]
 [ 241 1389   27   40   19    3   14]
 [  14   48  256    4    0    1    0]
 [ 388   55    4 1105   17    2    7]
 [ 116   68    1   61   60    1    9]
 [  17    1    0    1    0  183    5]
 [  17    3    0   10    0    4  202]]
Macro Precision/Recall/F-score:  (0.7534618661845511, 0.7233762825865878, 0.7299235689667484, None)

epoch 24/30
ex_result
Accuracy:  0.7558271387173995
Confusion Metric: 
 [[3001  180    7  276   43   16   21]
 [ 257 1367   22   43   29    4   11]
 [  13   57  245    5    2    1    0]
 [ 511   73    4  949   27    3   11]
 [ 114   67    1   59   69    1    5]
 [  15    1    0    1    0  185    5]
 [  23    4    1   17    2    6  183]]
Macro Precision/Recall/F-score:  (0.7364938929970226, 0.6975707004168948, 0.7116492500126972, None)
Accuracy:  0.7819075217336525
Confusion Metric: 
 [[3097  172    5  184   48   16   22]
 [ 262 1375   22   28   31    4   11]
 [  14   53  250    3    2    1    0]
 [ 463   47    3 1029   27    3    6]
 [ 122   61    1   47   79    1    5]
 [  15    1    0    1    0  185    5]
 [  20    5    0   11    3    6  191]]
Macro Precision/Recall/F-score:  (0.7607606275256446, 0.7209171495970459, 0.7358908443931501, None)

epoch 25/30
ex_result
Accuracy:  0.7509134433665112
Confusion Metric: 
 [[2771  209    7  473   42   19   23]
 [ 183 1392   30   82   31    4   11]
 [  14   50  253    4    1    1    0]
 [ 360   78    3 1105   20    2   10]
 [  90   69    1   84   67    1    4]
 [  14    2    0    1    0  185    5]
 [  16    5    0   21    2    5  187]]
Macro Precision/Recall/F-score:  (0.7289182292484561, 0.7095384986063117, 0.7139719258017122, None)
Accuracy:  0.7767418420057957
Confusion Metric: 
 [[2853  216    7  382   44   19   23]
 [ 187 1419   28   54   32    4    9]
 [  15   47  256    3    1    1    0]
 [ 304   54    3 1190   18    2    7]
 [  97   67    1   76   70    1    4]
 [  13    2    0    1    0  186    5]
 [  15    4    0   19    2    5  191]]
Macro Precision/Recall/F-score:  (0.7474978804088915, 0.7285592038143932, 0.7330761803174813, None)

epoch 26/30
ex_result
Accuracy:  0.7545672168325563
Confusion Metric: 
 [[2923  187    8  356   34   15   21]
 [ 245 1367   24   51   27    5   14]
 [  14   47  256    4    1    1    0]
 [ 454   73    6 1015   16    3   11]
 [ 111   67    2   72   56    1    7]
 [  20    2    0    0    0  182    3]
 [  20    4    0   16    1    5  190]]
Macro Precision/Recall/F-score:  (0.7336104012429353, 0.7015565312862486, 0.71031358918686, None)
Accuracy:  0.780899584225778
Confusion Metric: 
 [[3056  182    8  227   33   15   23]
 [ 257 1375   24   30   28    6   13]
 [  15   46  257    3    1    1    0]
 [ 430   51    4 1068   14    3    8]
 [ 132   60    2   52   62    1    7]
 [  19    2    0    0    0  183    3]
 [  21    3    0    9    1    5  197]]
Macro Precision/Recall/F-score:  (0.7576600906759697, 0.7204574683791313, 0.730994751862906, None)

epoch 27/30
ex_result
Accuracy:  0.7617487715761623
Confusion Metric: 
 [[2966  209    8  298   29   11   23]
 [ 220 1390   31   47   26    4   15]
 [  15   44  258    4    1    1    0]
 [ 464   86    6  993   16    2   11]
 [ 106   75    2   66   61    1    5]
 [  18    1    0    0    0  183    5]
 [  18    5    0   14    0    4  195]]
Macro Precision/Recall/F-score:  (0.7437104987370228, 0.7100558686225319, 0.7184426723927375, None)
Accuracy:  0.7831674436184957
Confusion Metric: 
 [[3024  218   11  227   29   11   24]
 [ 213 1409   33   32   27    5   14]
 [  15   41  262    3    1    1    0]
 [ 422   57    4 1068   15    2   10]
 [ 116   71    1   56   66    1    5]
 [  17    1    0    0    0  184    5]
 [  16    4    0    9    0    4  203]]
Macro Precision/Recall/F-score:  (0.7602905904903767, 0.7303121202155428, 0.736816708404807, None)

epoch 28/30
ex_result
Accuracy:  0.7548192012095251
Confusion Metric: 
 [[2885  198    6  386   33   17   19]
 [ 221 1385   24   63   21    4   15]
 [  20   42  254    4    2    1    0]
 [ 425   78    4 1040   17    3   11]
 [ 104   68    2   80   55    1    6]
 [  19    1    0    0    0  182    5]
 [  19    4    0   17    1    5  190]]
Macro Precision/Recall/F-score:  (0.7348820797811874, 0.7024351879706332, 0.7106009596947784, None)
Accuracy:  0.7807735920372937
Confusion Metric: 
 [[2994  193    6  279   35   17   20]
 [ 232 1394   23   41   23    5   15]
 [  21   38  258    2    3    1    0]
 [ 388   49    3 1111   17    3    7]
 [ 118   63    1   67   60    1    6]
 [  18    1    0    0    0  183    5]
 [  15    3    0   15    1    5  197]]
Macro Precision/Recall/F-score:  (0.7546066054811907, 0.7229554447573296, 0.7314245103167993, None)

epoch 29/30
ex_result
Accuracy:  0.755197177774978
Confusion Metric: 
 [[2943  162    6  349   55   12   17]
 [ 256 1331   26   70   34    4   12]
 [  18   43  255    5    1    1    0]
 [ 456   67    4 1022   18    2    9]
 [ 109   52    1   75   74    1    4]
 [  20    1    0    0    0  181    5]
 [  25    3    1   13    1    5  188]]
Macro Precision/Recall/F-score:  (0.7415502580372625, 0.7058231978728832, 0.7199235630573081, None)
Accuracy:  0.7772458107597329
Confusion Metric: 
 [[3038  157    6  258   56   12   17]
 [ 271 1335   25   51   36    4   11]
 [  20   43  255    3    1    1    0]
 [ 424   36    3 1087   21    2    5]
 [ 120   47    1   63   80    1    4]
 [  19    1    0    0    0  182    5]
 [  26    3    1    8    1    5  192]]
Macro Precision/Recall/F-score:  (0.7605991841664911, 0.7216907405784563, 0.7376170567034228, None)

best_epoch:  29 0.7376170567034228 0.7772458107597329


valid f1:  0.7426435849071865 [0.7421143769183579, 0.748199321099779, 0.7376170567034228]
valid acc: 0.7797656545294193 [0.7725840997858133, 0.7894670530427114, 0.7772458107597329]
