['/home/lizhuoqun/SE_type_code', '/home/lizhuoqun/anconda/envs/py38/lib/python38.zip', '/home/lizhuoqun/anconda/envs/py38/lib/python3.8', '/home/lizhuoqun/anconda/envs/py38/lib/python3.8/lib-dynload', '/home/lizhuoqun/anconda/envs/py38/lib/python3.8/site-packages', '/home/lizhuoqun/SE_type_code/data', '/home/lizhuoqun/SE_type_code/tools', '/home/lizhuoqun/SE_type_code/models', '/home/lizhuoqun/SE_type_code/pre_train']
sentence level BiLSTM
Namespace(BATCH_SIZE=128, DROPOUT=0.5, EPOCHs=30, EX_LOSS=0, FREEZE=0, IF_USE_EX_INITIAL_1=1, IF_USE_EX_INITIAL_2=0, LEARN_RATE=0.001)


time= 1230
use 343 from author
Loading Data...
len(test_X):  981
len(train_X):  3803
paragraph level BiLSTM label embedding 3 class

epoch 0/30
ex_result
Accuracy:  0.28436436940909665
Confusion Metric: 
 [[2101 1378   65    0    0    0    0]
 [1560  155   18    0    0    0    0]
 [ 316    6    1    0    0    0    0]
 [ 230 1334   14    0    0    0    0]
 [ 123  182   11    0    0    0    0]
 [   8    2  197    0    0    0    0]
 [  11   23  202    0    0    0    0]]
Macro Precision/Recall/F-score:  (0.07648467748280592, 0.09790988704559275, 0.08559801232640261, None)
Accuracy:  0.6013607156356305
Confusion Metric: 
 [[2118  174    2 1220    0    9   21]
 [ 572  942    3  204    0    4    8]
 [  61  217   15   29    0    1    0]
 [ 140   16    0 1418    0    0    4]
 [ 109   24    0  180    0    1    2]
 [  35    0    1    2    0  153   16]
 [  56    3    0   50    0    0  127]]
Macro Precision/Recall/F-score:  (0.5950383469959374, 0.4805010505555097, 0.48100064402814063, None)

epoch 1/30
ex_result
Accuracy:  0.2713871739952123
Confusion Metric: 
 [[1966 1473  105    0    0    0    0]
 [1535  179   19    0    0    0    0]
 [ 308    6    9    0    0    0    0]
 [ 186 1375   17    0    0    0    0]
 [ 108  195   13    0    0    0    0]
 [   6    1  200    0    0    0    0]
 [  10   27  199    0    0    0    0]]
Macro Precision/Recall/F-score:  (0.07832714006592285, 0.0979847539238392, 0.08645883119815896, None)
Accuracy:  0.6603250598462895
Confusion Metric: 
 [[2195  121    4 1176    1   13   34]
 [ 482 1041   39  157    1    4    9]
 [  29   50  224   13    0    1    6]
 [ 135   16    0 1419    0    2    6]
 [  91   38    2  175    1    2    7]
 [  13    0    1    2    0  181   10]
 [  16    2    1   37    0    0  180]]
Macro Precision/Recall/F-score:  (0.6863469715818632, 0.6361513789099068, 0.6246460670485662, None)

epoch 2/30
ex_result
Accuracy:  0.2854982991054555
Confusion Metric: 
 [[2101 1295  148    0    0    0    0]
 [1558  154   21    0    0    0    0]
 [ 308    4   11    0    0    0    0]
 [ 230 1326   22    0    0    0    0]
 [ 108  189   19    0    0    0    0]
 [   6    1  200    0    0    0    0]
 [   9   23  204    0    0    0    0]]
Macro Precision/Recall/F-score:  (0.07934474011826953, 0.10225027537087457, 0.08896080123876718, None)
Accuracy:  0.7177774977951367
Confusion Metric: 
 [[2508  155    6  823    2   13   37]
 [ 359 1214   35  113    2    3    7]
 [  24   34  259    5    0    1    0]
 [ 207   21    0 1341    0    2    7]
 [ 104   52    1  148    6    2    3]
 [  14    0    1    1    0  184    7]
 [  15    3    1   31    0    1  185]]
Macro Precision/Recall/F-score:  (0.7488223079965705, 0.6788051830033949, 0.6690153683823956, None)

epoch 3/30
ex_result
Accuracy:  0.29343580697996724
Confusion Metric: 
 [[2174 1236  134    0    0    0    0]
 [1567  146   20    0    0    0    0]
 [ 311    3    9    0    0    0    0]
 [ 253 1306   19    0    0    0    0]
 [ 114  186   16    0    0    0    0]
 [   5    2  200    0    0    0    0]
 [  10   28  198    0    0    0    0]]
Macro Precision/Recall/F-score:  (0.07937521136372996, 0.10364884270036887, 0.08964518401552639, None)
Accuracy:  0.7594809121834446
Confusion Metric: 
 [[2939  155    3  402   13   13   19]
 [ 359 1277   20   55   12    3    7]
 [  29   39  254    0    0    1    0]
 [ 358   30    0 1178    5    2    5]
 [ 146   53    1   97   17    1    1]
 [  12    0    1    1    0  188    5]
 [  28    3    0   29    0    1  175]]
Macro Precision/Recall/F-score:  (0.7492929151297776, 0.6860841644839901, 0.699573195108376, None)

epoch 4/30
ex_result
Accuracy:  0.2959556507496535
Confusion Metric: 
 [[2194 1187  163    0    0    0    0]
 [1568  141   24    0    0    0    0]
 [ 305    4   14    0    0    0    0]
 [ 250 1302   26    0    0    0    0]
 [ 112  179   25    0    0    0    0]
 [   5    2  200    0    0    0    0]
 [   8   20  208    0    0    0    0]]
Macro Precision/Recall/F-score:  (0.08069560397983888, 0.10625427795661675, 0.09138279857418782, None)
Accuracy:  0.7693083028852211
Confusion Metric: 
 [[2851  182    5  457   12   14   23]
 [ 266 1354   31   60   12    4    6]
 [  23   37  261    0    1    1    0]
 [ 281   44    0 1239    8    2    4]
 [ 129   56    1  103   25    1    1]
 [  14    0    1    1    0  187    4]
 [  30    2    0   14    0    1  189]]
Macro Precision/Recall/F-score:  (0.755685267175334, 0.708903714096359, 0.713926311808436, None)

epoch 5/30
ex_result
Accuracy:  0.29746755701146527
Confusion Metric: 
 [[2179 1186  179    0    0    0    0]
 [1535  173   25    0    0    0    0]
 [ 309    5    9    0    0    0    0]
 [ 255 1299   24    0    0    0    0]
 [ 111  181   24    0    0    0    0]
 [   5    3  199    0    0    0    0]
 [   8   20  208    0    0    0    0]]
Macro Precision/Recall/F-score:  (0.08125959232934585, 0.10607609333318037, 0.09169041627030113, None)
Accuracy:  0.7651505606652388
Confusion Metric: 
 [[2768  159    2  561   17   14   23]
 [ 261 1347   17   83   15    3    7]
 [  21   46  252    1    2    1    0]
 [ 231   31    0 1307    2    2    5]
 [ 113   58    1  121   21    1    1]
 [  10    0    1    1    0  191    4]
 [  17    2    0   29    0    1  187]]
Macro Precision/Recall/F-score:  (0.7517793050394795, 0.7068980726097316, 0.7112125007035343, None)

epoch 6/30
ex_result
Accuracy:  0.26987526773340054
Confusion Metric: 
 [[1903 1371  270    0    0    0    0]
 [1486  221   26    0    0    0    0]
 [ 299    6   18    0    0    0    0]
 [ 179 1365   34    0    0    0    0]
 [  98  192   26    0    0    0    0]
 [   5    3  199    0    0    0    0]
 [   8   24  204    0    0    0    0]]
Macro Precision/Recall/F-score:  (0.0815714704712164, 0.10288799439214136, 0.0898055019461552, None)
Accuracy:  0.7253370291041955
Confusion Metric: 
 [[2310  189    5  993   13   14   20]
 [ 165 1373   23  152   11    4    5]
 [  15   45  257    3    2    1    0]
 [ 121   29    0 1420    2    2    4]
 [  78   61    1  159   15    1    1]
 [   7    0    1    3    0  192    4]
 [  14    3    0   28    0    1  190]]
Macro Precision/Recall/F-score:  (0.7372080802470969, 0.7028145481301648, 0.6936886031168654, None)

epoch 7/30
ex_result
Accuracy:  0.30250724455083783
Confusion Metric: 
 [[2222 1189  133    0    0    0    0]
 [1545  164   24    0    0    0    0]
 [ 304    4   15    0    0    0    0]
 [ 256 1306   16    0    0    0    0]
 [ 113  184   19    0    0    0    0]
 [   5    1  201    0    0    0    0]
 [   9   26  201    0    0    0    0]]
Macro Precision/Recall/F-score:  (0.08293875454387949, 0.10972119730923105, 0.0941462510009795, None)
Accuracy:  0.776111881063374
Confusion Metric: 
 [[2842  174    5  456   32   12   23]
 [ 220 1376   35   76   15    4    7]
 [  19   37  263    1    2    1    0]
 [ 275   30    0 1258    9    2    4]
 [ 110   57    1  109   35    1    3]
 [  11    0    1    0    0  190    5]
 [  20    2    0   18    0    0  196]]
Macro Precision/Recall/F-score:  (0.7509315745621657, 0.7237875846576605, 0.7258900219433155, None)

epoch 8/30
ex_result
Accuracy:  0.3236739322162026
Confusion Metric: 
 [[2457  916  171    0    0    0    0]
 [1612   98   23    0    0    0    0]
 [ 307    2   14    0    0    0    0]
 [ 355 1195   28    0    0    0    0]
 [ 129  164   23    0    0    0    0]
 [   5    0  202    0    0    0    0]
 [  11   21  204    0    0    0    0]]
Macro Precision/Recall/F-score:  (0.08083582438149825, 0.11331105914869354, 0.09420280759008284, None)
Accuracy:  0.7911049514930074
Confusion Metric: 
 [[3070  193    8  201   30   12   30]
 [ 239 1414   34   25   10    3    8]
 [  14   37  271    0    0    1    0]
 [ 415   53    0 1075   25    2    8]
 [ 128   78    1   53   50    1    5]
 [   8    0    1    0    0  193    5]
 [  19    3    0    6    2    0  206]]
Macro Precision/Recall/F-score:  (0.765516638444724, 0.7379866688015385, 0.7416982188596968, None)

epoch 9/30
ex_result
Accuracy:  0.29986140859266724
Confusion Metric: 
 [[2214 1177  153    0    0    0    0]
 [1560  149   24    0    0    0    0]
 [ 304    2   17    0    0    0    0]
 [ 259 1302   17    0    0    0    0]
 [ 106  189   21    0    0    0    0]
 [   5    1  201    0    0    0    0]
 [   8   25  203    0    0    0    0]]
Macro Precision/Recall/F-score:  (0.08228004456991966, 0.1090467835158241, 0.09343536071094882, None)
Accuracy:  0.7563311074713368
Confusion Metric: 
 [[2556  203    3  724   25   14   19]
 [ 171 1417   20  106   11    3    5]
 [  12   57  252    1    0    1    0]
 [ 161   37    1 1363   10    2    4]
 [  82   66    1  136   29    1    1]
 [   8    1    0    1    0  193    4]
 [  14    3    0   25    0    1  193]]
Macro Precision/Recall/F-score:  (0.7531059460913347, 0.7178213511467232, 0.7168510813663963, None)

epoch 10/30
ex_result
Accuracy:  0.3138465415144261
Confusion Metric: 
 [[2374  988  182    0    0    0    0]
 [1601  108   24    0    0    0    0]
 [ 311    3    9    0    0    0    0]
 [ 326 1226   26    0    0    0    0]
 [ 130  166   20    0    0    0    0]
 [   5    2  200    0    0    0    0]
 [   7   23  206    0    0    0    0]]
Macro Precision/Recall/F-score:  (0.07939821200768495, 0.1085782876814473, 0.091600482545398, None)
Accuracy:  0.7864432405190879
Confusion Metric: 
 [[2821  228    8  409   41   14   23]
 [ 152 1461   24   65   18    4    9]
 [   9   51  260    1    1    1    0]
 [ 266   42    0 1239   26    2    3]
 [  97   67    1   79   68    1    3]
 [   8    1    0    1    0  193    4]
 [  15    4    0   15    2    0  200]]
Macro Precision/Recall/F-score:  (0.7654162717334204, 0.7463113258680786, 0.7494706070703857, None)

epoch 11/30
ex_result
Accuracy:  0.31220864306413004
Confusion Metric: 
 [[2363  948  233    0    0    0    0]
 [1606  102   25    0    0    0    0]
 [ 307    3   13    0    0    0    0]
 [ 326 1206   46    0    0    0    0]
 [ 120  163   33    0    0    0    0]
 [   5    1  201    0    0    0    0]
 [   7   17  212    0    0    0    0]]
Macro Precision/Recall/F-score:  (0.07971376216241813, 0.10940941042244123, 0.09196251570234218, None)
Accuracy:  0.7926168577548192
Confusion Metric: 
 [[2949  188    5  329   34   11   28]
 [ 216 1430   16   48   12    3    8]
 [  13   51  257    0    1    1    0]
 [ 311   36    1 1203   20    2    5]
 [ 120   67    1   68   55    1    4]
 [  10    1    0    0    0  192    4]
 [  15    4    0   11    1    0  205]]
Macro Precision/Recall/F-score:  (0.7753927302046699, 0.7407890393655489, 0.7486207286566889, None)

epoch 12/30
ex_result
Accuracy:  0.33337533072949477
Confusion Metric: 
 [[2544  781  219    0    0    0    0]
 [1618   90   25    0    0    0    0]
 [ 309    2   12    0    0    0    0]
 [ 376 1163   39    0    0    0    0]
 [ 136  142   38    0    0    0    0]
 [   5    0  202    0    0    0    0]
 [   7   15  214    0    0    0    0]]
Macro Precision/Recall/F-score:  (0.08091004897252717, 0.11527396056396659, 0.09487008096266654, None)
Accuracy:  0.7933728108857251
Confusion Metric: 
 [[2921  221    6  313   38   11   34]
 [ 155 1468   31   44   20    3   12]
 [   9   41  271    1    0    1    0]
 [ 324   41    1 1175   28    2    7]
 [ 107   77    1   58   63    1    9]
 [   8    1    0    0    0  194    4]
 [  17    2    1   10    1    0  205]]
Macro Precision/Recall/F-score:  (0.7592634114570783, 0.7514468367204101, 0.7489928863471169, None)

epoch 13/30
ex_result
Accuracy:  0.32921758850951244
Confusion Metric: 
 [[2498  853  193    0    0    0    0]
 [1611  100   22    0    0    0    0]
 [ 306    2   15    0    0    0    0]
 [ 359 1186   33    0    0    0    0]
 [ 126  164   26    0    0    0    0]
 [   5    1  201    0    0    0    0]
 [   8   19  209    0    0    0    0]]
Macro Precision/Recall/F-score:  (0.08184527965183755, 0.11557090087450503, 0.09562754169523127, None)
Accuracy:  0.7950107093360211
Confusion Metric: 
 [[2986  226    4  256   39    9   24]
 [ 189 1464   25   32   14    3    6]
 [  13   49  260    0    0    1    0]
 [ 359   43    0 1141   30    2    3]
 [ 109   79    1   57   66    1    3]
 [  10    1    0    1    0  191    4]
 [  20    3    0    9    2    0  202]]
Macro Precision/Recall/F-score:  (0.7784047493585222, 0.7432639489803696, 0.7544256282033145, None)

epoch 14/30
ex_result
Accuracy:  0.33803704170341436
Confusion Metric: 
 [[2575  779  190    0    0    0    0]
 [1612   92   29    0    0    0    0]
 [ 305    2   16    0    0    0    0]
 [ 395 1149   34    0    0    0    0]
 [ 135  150   31    0    0    0    0]
 [   5    0  202    0    0    0    0]
 [   8   18  210    0    0    0    0]]
Macro Precision/Recall/F-score:  (0.08227158601648148, 0.11845755304230675, 0.09687483149573368, None)
Accuracy:  0.7890890764772585
Confusion Metric: 
 [[2868  235    8  357   37   10   29]
 [ 154 1483   20   49   15    3    9]
 [  10   52  259    1    0    1    0]
 [ 301   46    0 1206   21    2    2]
 [ 101   76    1   77   54    1    6]
 [   9    1    0    0    0  193    4]
 [  15    5    0   15    1    0  200]]
Macro Precision/Recall/F-score:  (0.7654699266101453, 0.7402605086933531, 0.7443545349776405, None)

epoch 15/30
ex_result
Accuracy:  0.3243038931586242
Confusion Metric: 
 [[2447  902  195    0    0    0    0]
 [1597  112   24    0    0    0    0]
 [ 305    3   15    0    0    0    0]
 [ 335 1212   31    0    0    0    0]
 [ 122  165   29    0    0    0    0]
 [   5    1  201    0    0    0    0]
 [   8   20  208    0    0    0    0]]
Macro Precision/Recall/F-score:  (0.08221366223458439, 0.11450431363918288, 0.09549119921015341, None)
Accuracy:  0.7922388811893663
Confusion Metric: 
 [[2907  232    4  328   42    9   22]
 [ 188 1464   22   32   17    3    7]
 [  11   53  257    0    1    1    0]
 [ 302   42    0 1207   22    2    3]
 [ 103   76    1   74   59    1    2]
 [   7    1    0    1    0  194    4]
 [  17    4    1   13    1    0  200]]
Macro Precision/Recall/F-score:  (0.7735853384368946, 0.7424228420646557, 0.7510795399309371, None)

epoch 16/30
ex_result
Accuracy:  0.33841501826886733
Confusion Metric: 
 [[2582  750  212    0    0    0    0]
 [1620   87   26    0    0    0    0]
 [ 304    2   17    0    0    0    0]
 [ 401 1142   35    0    0    0    0]
 [ 138  146   32    0    0    0    0]
 [   5    0  202    0    0    0    0]
 [  10   20  206    0    0    0    0]]
Macro Precision/Recall/F-score:  (0.08201228702891342, 0.11876983508621823, 0.09676000282838627, None)
Accuracy:  0.7952626937129897
Confusion Metric: 
 [[2980  237    7  251   35    7   27]
 [ 178 1479   23   22   18    2   11]
 [  10   54  257    1    0    1    0]
 [ 350   58    0 1139   25    2    4]
 [ 108   80    1   58   63    1    5]
 [  10    1    0    0    0  192    4]
 [  21    3    1    8    1    0  202]]
Macro Precision/Recall/F-score:  (0.7752093935539603, 0.7420845779213094, 0.7510790888505773, None)

epoch 17/30
ex_result
Accuracy:  0.3500062996094242
Confusion Metric: 
 [[2705  629  210    0    0    0    0]
 [1648   63   22    0    0    0    0]
 [ 312    1   10    0    0    0    0]
 [ 453 1092   33    0    0    0    0]
 [ 155  131   30    0    0    0    0]
 [   5    0  202    0    0    0    0]
 [   9   15  212    0    0    0    0]]
Macro Precision/Recall/F-score:  (0.07973801344235955, 0.11865353545333258, 0.09517102245440699, None)
Accuracy:  0.7947587249590525
Confusion Metric: 
 [[3000  282    6  188   35    8   25]
 [ 146 1527   23   15   12    2    8]
 [  10   58  254    0    0    1    0]
 [ 405   74    0 1062   28    2    7]
 [ 109   93    1   43   66    1    3]
 [  10    1    0    0    0  192    4]
 [  17    4    0    5    3    0  207]]
Macro Precision/Recall/F-score:  (0.7812712859099555, 0.7429327517288016, 0.7530711609550035, None)

epoch 18/30
ex_result
Accuracy:  0.33954894796522617
Confusion Metric: 
 [[2589  790  165    0    0    0    0]
 [1616   95   22    0    0    0    0]
 [ 311    1   11    0    0    0    0]
 [ 374 1181   23    0    0    0    0]
 [ 141  146   29    0    0    0    0]
 [   5    0  202    0    0    0    0]
 [   9   16  211    0    0    0    0]]
Macro Precision/Recall/F-score:  (0.08177037550696943, 0.11705777655294769, 0.09616172567893799, None)
Accuracy:  0.7926168577548192
Confusion Metric: 
 [[2910  222    8  347   26   10   21]
 [ 189 1459   30   39   10    1    5]
 [  10   48  264    0    0    1    0]
 [ 287   46    0 1232   11    2    0]
 [ 112   78    1   80   42    1    2]
 [  10    1    0    0    0  192    4]
 [  25    4    0   15    0    0  192]]
Macro Precision/Recall/F-score:  (0.7790961729674167, 0.7335826116900558, 0.7422420436053105, None)

epoch 19/30
ex_result
Accuracy:  0.3425727604888497
Confusion Metric: 
 [[2626  670  248    0    0    0    0]
 [1629   76   28    0    0    0    0]
 [ 304    2   17    0    0    0    0]
 [ 428 1112   38    0    0    0    0]
 [ 142  140   34    0    0    0    0]
 [   5    0  202    0    0    0    0]
 [   8   16  212    0    0    0    0]]
Macro Precision/Recall/F-score:  (0.08145964137926105, 0.11963668871365225, 0.09657832892163043, None)
Accuracy:  0.7946327327705682
Confusion Metric: 
 [[2955  221    8  288   31   12   29]
 [ 183 1464   20   35   19    3    9]
 [   8   50  263    1    0    1    0]
 [ 341   51    1 1159   20    2    4]
 [ 111   67    1   66   63    1    7]
 [   7    1    0    0    0  195    4]
 [  19    2    1    6    0    0  208]]
Macro Precision/Recall/F-score:  (0.7751314182639157, 0.7500069948230205, 0.7538162197981411, None)

epoch 20/30
ex_result
Accuracy:  0.34584855738944187
Confusion Metric: 
 [[2650  691  203    0    0    0    0]
 [1629   83   21    0    0    0    0]
 [ 309    2   12    0    0    0    0]
 [ 424 1114   40    0    0    0    0]
 [ 149  138   29    0    0    0    0]
 [   5    0  202    0    0    0    0]
 [   9   15  212    0    0    0    0]]
Macro Precision/Recall/F-score:  (0.08134195304414855, 0.11896974173985443, 0.09640890981737148, None)
Accuracy:  0.7929948343202722
Confusion Metric: 
 [[3020  227    6  236   28    8   19]
 [ 199 1462   21   31   11    2    7]
 [  11   55  255    1    0    1    0]
 [ 379   51    2 1126   17    2    1]
 [ 122   78    1   64   49    1    1]
 [  16    1    0    0    0  188    2]
 [  26    4    1    9    2    0  194]]
Macro Precision/Recall/F-score:  (0.7846830660402506, 0.7263018782264858, 0.7438152227435505, None)

epoch 21/30
ex_result
Accuracy:  0.34471462769308303
Confusion Metric: 
 [[2646  642  256    0    0    0    0]
 [1626   77   30    0    0    0    0]
 [ 308    2   13    0    0    0    0]
 [ 419 1116   43    0    0    0    0]
 [ 145  136   35    0    0    0    0]
 [   5    1  201    0    0    0    0]
 [   9   12  215    0    0    0    0]]
Macro Precision/Recall/F-score:  (0.08116491046392035, 0.11875618499565281, 0.09612036180342567, None)
Accuracy:  0.7953886859014742
Confusion Metric: 
 [[2969  232    4  248   47   10   34]
 [ 178 1478   17   32   17    1   10]
 [  12   46  264    0    0    1    0]
 [ 344   56    2 1139   28    2    7]
 [ 100   85    1   57   62    1   10]
 [   9    1    0    1    0  192    4]
 [  16    4    2    4    1    0  209]]
Macro Precision/Recall/F-score:  (0.7664519591957337, 0.7484399229349841, 0.7510837360848696, None)

epoch 22/30
ex_result
Accuracy:  0.33803704170341436
Confusion Metric: 
 [[2577  726  241    0    0    0    0]
 [1611   96   26    0    0    0    0]
 [ 311    2   10    0    0    0    0]
 [ 401 1140   37    0    0    0    0]
 [ 142  143   31    0    0    0    0]
 [   5    0  202    0    0    0    0]
 [   9   14  213    0    0    0    0]]
Macro Precision/Recall/F-score:  (0.08115871706529856, 0.11621421288125311, 0.09536970239840191, None)
Accuracy:  0.7948847171475368
Confusion Metric: 
 [[2934  219    6  320   27   11   27]
 [ 179 1464   20   41   16    1   12]
 [   9   44  269    0    0    1    0]
 [ 319   44    1 1189   20    2    3]
 [ 114   72    1   70   53    1    5]
 [   8    1    0    0    0  194    4]
 [  17    2    2    9    0    0  206]]
Macro Precision/Recall/F-score:  (0.7749204072244108, 0.7481085214759894, 0.7513972433566348, None)

epoch 23/30
ex_result
Accuracy:  0.34219478392339675
Confusion Metric: 
 [[2608  768  168    0    0    0    0]
 [1615   94   24    0    0    0    0]
 [ 307    2   14    0    0    0    0]
 [ 383 1164   31    0    0    0    0]
 [ 145  140   31    0    0    0    0]
 [   5    1  201    0    0    0    0]
 [  10   19  207    0    0    0    0]]
Macro Precision/Recall/F-score:  (0.0825379846102274, 0.11906807161958831, 0.0973271507411642, None)
Accuracy:  0.7893410608542271
Confusion Metric: 
 [[2849  200    3  418   37    8   29]
 [ 185 1442   19   57   18    2   10]
 [   9   48  264    1    0    1    0]
 [ 260   34    0 1261   19    2    2]
 [ 112   63    0   81   55    1    4]
 [  10    1    0    1    0  190    5]
 [  19    3    1    9    0    0  204]]
Macro Precision/Recall/F-score:  (0.7718481263404972, 0.744108438445183, 0.7491765839343492, None)

epoch 24/30
ex_result
Accuracy:  0.3429507370543026
Confusion Metric: 
 [[2620  730  194    0    0    0    0]
 [1618   90   25    0    0    0    0]
 [ 309    2   12    0    0    0    0]
 [ 393 1153   32    0    0    0    0]
 [ 145  141   30    0    0    0    0]
 [   5    1  201    0    0    0    0]
 [  11   18  207    0    0    0    0]]
Macro Precision/Recall/F-score:  (0.08184253549745617, 0.11833748845819426, 0.09658626982092947, None)
Accuracy:  0.7945067405820839
Confusion Metric: 
 [[2918  191    4  352   49   10   20]
 [ 207 1427   22   50   18    1    8]
 [   9   45  267    1    0    1    0]
 [ 292   25    0 1236   22    2    1]
 [ 119   60    1   64   69    1    2]
 [  11    1    0    1    0  191    3]
 [  23    3    0   10    2    0  198]]
Macro Precision/Recall/F-score:  (0.7815679214737933, 0.7481041653699355, 0.7593792443077847, None)

epoch 25/30
ex_result
Accuracy:  0.34874637772458106
Confusion Metric: 
 [[2678  662  204    0    0    0    0]
 [1628   75   30    0    0    0    0]
 [ 306    2   15    0    0    0    0]
 [ 450 1098   30    0    0    0    0]
 [ 148  131   37    0    0    0    0]
 [   5    2  200    0    0    0    0]
 [  11   17  208    0    0    0    0]]
Macro Precision/Recall/F-score:  (0.08155734110432682, 0.12076578895948702, 0.09709917625898137, None)
Accuracy:  0.7966486077863173
Confusion Metric: 
 [[2958  252    5  251   41   11   26]
 [ 159 1505   17   23   15    2   12]
 [   6   55  260    1    0    1    0]
 [ 357   52    0 1137   27    2    3]
 [ 112   82    0   49   66    1    6]
 [   9    1    0    2    0  191    4]
 [  19    4    0    6    1    0  206]]
Macro Precision/Recall/F-score:  (0.7777619623481203, 0.7475742371147902, 0.7554425481045259, None)

epoch 26/30
ex_result
Accuracy:  0.35466801058334385
Confusion Metric: 
 [[2734  639  171    0    0    0    0]
 [1638   68   27    0    0    0    0]
 [ 309    1   13    0    0    0    0]
 [ 462 1086   30    0    0    0    0]
 [ 152  135   29    0    0    0    0]
 [   6    1  200    0    0    0    0]
 [  14   15  207    0    0    0    0]]
Macro Precision/Recall/F-score:  (0.08122243281047532, 0.12156152690553688, 0.09717171974333962, None)
Accuracy:  0.7947587249590525
Confusion Metric: 
 [[3058  220    7  192   33    8   26]
 [ 201 1454   28   21   19    1    9]
 [   9   41  271    1    0    1    0]
 [ 413   53    1 1076   26    2    7]
 [ 122   82    1   47   58    1    5]
 [  12    1    0    1    0  190    3]
 [  23    3    1    8    0    0  201]]
Macro Precision/Recall/F-score:  (0.7743822446407148, 0.739410430550423, 0.7488155119232683, None)

epoch 27/30
ex_result
Accuracy:  0.35277812775607914
Confusion Metric: 
 [[2710  654  180    0    0    0    0]
 [1638   71   24    0    0    0    0]
 [ 303    1   19    0    0    0    0]
 [ 445 1102   31    0    0    0    0]
 [ 157  129   30    0    0    0    0]
 [   5    0  202    0    0    0    0]
 [  11   12  213    0    0    0    0]]
Macro Precision/Recall/F-score:  (0.0825099565692367, 0.12349509040537536, 0.09864860113518288, None)
Accuracy:  0.7932468186972408
Confusion Metric: 
 [[2893  270    9  296   39   12   25]
 [ 149 1517   16   26   13    3    9]
 [   6   50  265    1    0    1    0]
 [ 321   65    1 1165   20    2    4]
 [ 107   90    1   54   61    1    2]
 [  10    1    0    0    0  194    2]
 [  22    4    2    6    1    0  201]]
Macro Precision/Recall/F-score:  (0.7759218443199088, 0.7474729420818683, 0.7532009967946919, None)

epoch 28/30
ex_result
Accuracy:  0.3492503464785183
Confusion Metric: 
 [[2676  720  148    0    0    0    0]
 [1635   74   24    0    0    0    0]
 [ 299    2   22    0    0    0    0]
 [ 435 1117   26    0    0    0    0]
 [ 150  140   26    0    0    0    0]
 [   5    2  200    0    0    0    0]
 [  11   15  210    0    0    0    0]]
Macro Precision/Recall/F-score:  (0.08325920725013577, 0.12369871160157266, 0.09930975558276779, None)
Accuracy:  0.7967745999748016
Confusion Metric: 
 [[2957  257    6  262   31    8   23]
 [ 161 1504   16   29   15    1    7]
 [   7   47  268    0    0    1    0]
 [ 345   60    0 1150   17    2    4]
 [ 119   80    0   55   59    1    2]
 [  13    1    0    1    0  189    3]
 [  27    1    2    9    0    0  197]]
Macro Precision/Recall/F-score:  (0.7887890561954026, 0.7421738870241461, 0.7552704474327326, None)

epoch 29/30
ex_result
Accuracy:  0.35038427617487716
Confusion Metric: 
 [[2693  697  154    0    0    0    0]
 [1639   69   25    0    0    0    0]
 [ 303    1   19    0    0    0    0]
 [ 467 1086   25    0    0    0    0]
 [ 153  134   29    0    0    0    0]
 [   6    2  199    0    0    0    0]
 [  12   15  209    0    0    0    0]]
Macro Precision/Recall/F-score:  (0.08199056850451199, 0.12264496071692724, 0.09806436610837159, None)
Accuracy:  0.7907269749275545
Confusion Metric: 
 [[2934  274    4  267   33   10   22]
 [ 155 1520   13   22   14    1    8]
 [   8   59  254    1    0    1    0]
 [ 366   75    0 1110   22    2    3]
 [ 102   88    0   54   68    1    3]
 [   9    1    0    2    0  191    4]
 [  21    6    0    8    2    0  199]]
Macro Precision/Recall/F-score:  (0.7874268660620205, 0.7394121629816184, 0.7540103897465565, None)

best_epoch:  24 0.7593792443077847 0.7945067405820839


time= 1231
use 343 from author
Loading Data...
len(test_X):  981
len(train_X):  3803
paragraph level BiLSTM label embedding 3 class

epoch 0/30
ex_result
Accuracy:  0.35945571374574775
Confusion Metric: 
 [[2780  673   91    0    0    0    0]
 [1628   67   38    0    0    0    0]
 [ 312    5    6    0    0    0    0]
 [ 492 1065   21    0    0    0    0]
 [ 171  123   22    0    0    0    0]
 [   9   11  187    0    0    0    0]
 [  13   19  204    0    0    0    0]]
Macro Precision/Recall/F-score:  (0.07985926033447267, 0.12023735880589635, 0.09585811359375863, None)
Accuracy:  0.6560413254378229
Confusion Metric: 
 [[2632  592    3  233    0    7   77]
 [ 244 1425    0   27    0    1   36]
 [  17  296    2    2    0    0    6]
 [ 507  115    0  934    1    2   19]
 [ 149   86    0   62    0    1   18]
 [  17    2    1    4    0   19  164]
 [  22    7    0    7    0    5  195]]
Macro Precision/Recall/F-score:  (0.4698862807157548, 0.44015374485057024, 0.39319206263658046, None)

epoch 1/30
ex_result
Accuracy:  0.34030490109613204
Confusion Metric: 
 [[2595  894   55    0    0    0    0]
 [1619   92   22    0    0    0    0]
 [ 306    3   14    0    0    0    0]
 [ 376 1195    7    0    0    0    0]
 [ 161  142   13    0    0    0    0]
 [  11   10  186    0    0    0    0]
 [  17   24  195    0    0    0    0]]
Macro Precision/Recall/F-score:  (0.08253754559658777, 0.11837918024136267, 0.0972529744964229, None)
Accuracy:  0.7467557011465289
Confusion Metric: 
 [[2883  344    6  253    1   23   34]
 [ 240 1387   39   44    0    4   19]
 [  16   61  238    3    0    1    4]
 [ 443   72    0 1057    1    1    4]
 [ 161   69    3   65    4    2   12]
 [  18    1    1    1    0  179    7]
 [  25    5    1   10    0   16  179]]
Macro Precision/Recall/F-score:  (0.7415187022945247, 0.6651968926357842, 0.6568695508973824, None)

epoch 2/30
ex_result
Accuracy:  0.3410608542270379
Confusion Metric: 
 [[2602  879   63    0    0    0    0]
 [1615   94   24    0    0    0    0]
 [ 309    3   11    0    0    0    0]
 [ 395 1175    8    0    0    0    0]
 [ 167  139   10    0    0    0    0]
 [  10   10  187    0    0    0    0]
 [  17   19  200    0    0    0    0]]
Macro Precision/Recall/F-score:  (0.08158620039472801, 0.11749936762616961, 0.09628920141612814, None)
Accuracy:  0.7637646465919113
Confusion Metric: 
 [[2877  335    5  252    6   15   54]
 [ 190 1445   32   39    2    5   20]
 [  14   50  257    1    0    1    0]
 [ 403   71    0 1090    4    0   10]
 [ 148   80    1   65   12    1    9]
 [  16    0    1    1    0  176   13]
 [  18    5    1    7    0    0  205]]
Macro Precision/Recall/F-score:  (0.7392694053741081, 0.6984117844774821, 0.6874583469929557, None)

epoch 3/30
ex_result
Accuracy:  0.349502330855487
Confusion Metric: 
 [[2642  837   65    0    0    0    0]
 [1598  113   22    0    0    0    0]
 [ 301    3   19    0    0    0    0]
 [ 381 1188    9    0    0    0    0]
 [ 150  152   14    0    0    0    0]
 [  10   10  187    0    0    0    0]
 [  14   15  207    0    0    0    0]]
Macro Precision/Recall/F-score:  (0.08621766189305353, 0.12421624340164464, 0.10175428941526883, None)
Accuracy:  0.7714501700894545
Confusion Metric: 
 [[2965  264    8  221   14   16   56]
 [ 199 1428   35   40   11    4   16]
 [  18   36  266    1    1    1    0]
 [ 435   64    0 1048   18    0   13]
 [ 140   76    1   62   24    1   12]
 [  14    0    1    1    0  183    8]
 [  17    3    1    6    0    0  209]]
Macro Precision/Recall/F-score:  (0.7242467810805017, 0.7134130972952825, 0.7030296498381234, None)

epoch 4/30
ex_result
Accuracy:  0.34597454957792617
Confusion Metric: 
 [[2632  862   50    0    0    0    0]
 [1617   99   17    0    0    0    0]
 [ 305    3   15    0    0    0    0]
 [ 399 1174    5    0    0    0    0]
 [ 158  147   11    0    0    0    0]
 [   7   12  188    0    0    0    0]
 [  13   21  202    0    0    0    0]]
Macro Precision/Recall/F-score:  (0.08377248193953449, 0.12088995083195785, 0.09895276313664744, None)
Accuracy:  0.7724581075973289
Confusion Metric: 
 [[2963  303    6  211    8   12   41]
 [ 174 1470   34   32    6    4   13]
 [  17   40  263    2    0    1    0]
 [ 448   84    0 1029    9    2    6]
 [ 139   87    1   62   16    1   10]
 [  15    0    1    0    0  184    7]
 [  17    4    0    8    0    1  206]]
Macro Precision/Recall/F-score:  (0.7412008579986019, 0.7090052701826355, 0.7027251013089303, None)

epoch 5/30
ex_result
Accuracy:  0.3473604636512536
Confusion Metric: 
 [[2599  903   42    0    0    0    0]
 [1585  132   16    0    0    0    0]
 [ 293    4   26    0    0    0    0]
 [ 362 1213    3    0    0    0    0]
 [ 146  162    8    0    0    0    0]
 [   9   11  187    0    0    0    0]
 [  12   28  196    0    0    0    0]]
Macro Precision/Recall/F-score:  (0.08962599317814542, 0.12714514206397434, 0.10513420503216683, None)
Accuracy:  0.776489857628827
Confusion Metric: 
 [[2900  340    7  222   27   13   35]
 [ 136 1504   18   43   16    4   12]
 [  11   47  261    2    1    1    0]
 [ 423   65    0 1065   20    2    3]
 [ 120   89    1   56   42    1    7]
 [  15    1    0    0    0  185    6]
 [  17    4    1    7    1    0  206]]
Macro Precision/Recall/F-score:  (0.7514846982225212, 0.7240872373917566, 0.7265151225781014, None)

epoch 6/30
ex_result
Accuracy:  0.345092604258536
Confusion Metric: 
 [[2575  925   44    0    0    0    0]
 [1572  145   16    0    0    0    0]
 [ 299    5   19    0    0    0    0]
 [ 338 1235    5    0    0    0    0]
 [ 142  164   10    0    0    0    0]
 [   9   11  187    0    0    0    0]
 [  10   27  199    0    0    0    0]]
Macro Precision/Recall/F-score:  (0.08829061019408825, 0.12415337162545721, 0.10318652256553391, None)
Accuracy:  0.776489857628827
Confusion Metric: 
 [[2922  301    4  245   26   12   34]
 [ 168 1469   20   45   16    3   12]
 [  12   48  259    2    1    1    0]
 [ 403   65    0 1079   24    2    5]
 [ 118   85    1   60   44    1    7]
 [  14    1    0    0    0  185    7]
 [  17    5    0    8    1    0  205]]
Macro Precision/Recall/F-score:  (0.7520890149525848, 0.722770572899315, 0.7270330898465852, None)

epoch 7/30
ex_result
Accuracy:  0.35668388559909286
Confusion Metric: 
 [[2688  812   44    0    0    0    0]
 [1598  120   15    0    0    0    0]
 [ 295    5   23    0    0    0    0]
 [ 359 1215    4    0    0    0    0]
 [ 148  162    6    0    0    0    0]
 [  11    7  189    0    0    0    0]
 [  12   24  200    0    0    0    0]]
Macro Precision/Recall/F-score:  (0.08927346176074723, 0.1284166467183254, 0.10531573663603279, None)
Accuracy:  0.7850573264457603
Confusion Metric: 
 [[2899  285   10  284   29   10   27]
 [ 161 1461   30   58   13    4    6]
 [  11   42  266    2    1    1    0]
 [ 327   51    0 1170   26    2    2]
 [ 112   76    1   71   51    1    4]
 [  13    1    0    1    0  186    6]
 [  17    5    1   12    2    1  198]]
Macro Precision/Recall/F-score:  (0.759347740483297, 0.7321356366181824, 0.737218486932019, None)

epoch 8/30
ex_result
Accuracy:  0.3597076981227164
Confusion Metric: 
 [[2702  800   42    0    0    0    0]
 [1589  129   15    0    0    0    0]
 [ 295    4   24    0    0    0    0]
 [ 410 1163    5    0    0    0    0]
 [ 144  167    5    0    0    0    0]
 [  12    8  187    0    0    0    0]
 [  12   27  197    0    0    0    0]]
Macro Precision/Recall/F-score:  (0.08998569802562562, 0.1301651638951436, 0.1063904461876143, None)
Accuracy:  0.7803956154718408
Confusion Metric: 
 [[2879  360    5  225   37   12   26]
 [ 123 1515   16   42   22    4   11]
 [  12   49  258    1    2    1    0]
 [ 371   83    0 1095   25    2    2]
 [  98   84    1   67   62    1    3]
 [  15    1    0    0    0  187    4]
 [  18    7    0   10    2    1  198]]
Macro Precision/Recall/F-score:  (0.7637561327418894, 0.7311158113412543, 0.7399939006893855, None)

epoch 9/30
ex_result
Accuracy:  0.36210154970391834
Confusion Metric: 
 [[2742  756   46    0    0    0    0]
 [1599  116   18    0    0    0    0]
 [ 303    4   16    0    0    0    0]
 [ 414 1154   10    0    0    0    0]
 [ 144  164    8    0    0    0    0]
 [  11    8  188    0    0    0    0]
 [  11   21  204    0    0    0    0]]
Macro Precision/Recall/F-score:  (0.08710284901416308, 0.12716765493412616, 0.10335167057716013, None)
Accuracy:  0.7895930452311957
Confusion Metric: 
 [[2990  280    2  206   24   14   28]
 [ 169 1481   23   31   15    4   10]
 [  16   46  258    0    2    1    0]
 [ 392   66    1 1091   23    2    3]
 [ 120   74    1   62   53    1    5]
 [  14    1    0    0    0  191    1]
 [  17    4    0   10    1    1  203]]
Macro Precision/Recall/F-score:  (0.7715899428040801, 0.73414375841295, 0.7422355027743549, None)

epoch 10/30
ex_result
Accuracy:  0.35139221368275164
Confusion Metric: 
 [[2611  897   36    0    0    0    0]
 [1569  154   10    0    0    0    0]
 [ 295    4   24    0    0    0    0]
 [ 372 1202    4    0    0    0    0]
 [ 132  178    6    0    0    0    0]
 [  11   10  186    0    0    0    0]
 [  11   28  197    0    0    0    0]]
Macro Precision/Recall/F-score:  (0.09088628249786328, 0.12855782821261244, 0.10648786225771244, None)
Accuracy:  0.788963084288774
Confusion Metric: 
 [[2947  264    4  264   32   12   21]
 [ 166 1485   21   34   20    3    4]
 [  13   50  257    0    2    1    0]
 [ 356   62    0 1135   22    2    1]
 [ 109   80    1   69   54    1    2]
 [  17    1    0    0    0  187    2]
 [  20    5    0   12    1    1  197]]
Macro Precision/Recall/F-score:  (0.7737484127271053, 0.7303408343356876, 0.7438820026028797, None)

epoch 11/30
ex_result
Accuracy:  0.3563059090336399
Confusion Metric: 
 [[2650  853   41    0    0    0    0]
 [1563  154   16    0    0    0    0]
 [ 295    4   24    0    0    0    0]
 [ 377 1195    6    0    0    0    0]
 [ 133  173   10    0    0    0    0]
 [  12    7  188    0    0    0    0]
 [  15   22  199    0    0    0    0]]
Macro Precision/Recall/F-score:  (0.09125897318684435, 0.1301299017372819, 0.10727515237961824, None)
Accuracy:  0.7860652639536349
Confusion Metric: 
 [[2844  306   12  317   29   13   23]
 [ 125 1509   27   48   15    2    7]
 [   8   39  272    3    0    1    0]
 [ 320   59    1 1180   14    2    2]
 [ 105   79    2   79   45    1    5]
 [  15    1    0    0    0  188    3]
 [  17    4    1   11    1    1  201]]
Macro Precision/Recall/F-score:  (0.7626097561550189, 0.7379181783600124, 0.7391172980505789, None)

epoch 12/30
ex_result
Accuracy:  0.36373944815421444
Confusion Metric: 
 [[2757  747   40    0    0    0    0]
 [1609  109   15    0    0    0    0]
 [ 298    4   21    0    0    0    0]
 [ 451 1121    6    0    0    0    0]
 [ 141  168    7    0    0    0    0]
 [  12    7  188    0    0    0    0]
 [  14   20  202    0    0    0    0]]
Macro Precision/Recall/F-score:  (0.0879849465924892, 0.12940667543259343, 0.10469755535637514, None)
Accuracy:  0.78971903741968
Confusion Metric: 
 [[2986  252    8  240   27   10   21]
 [ 179 1475   20   39   13    3    4]
 [  12   48  259    3    0    1    0]
 [ 389   58    1 1110   16    2    2]
 [ 118   77    1   70   47    1    2]
 [  16    1    0    0    0  188    2]
 [  16    6    0    9    1    1  203]]
Macro Precision/Recall/F-score:  (0.7794045571945516, 0.7308674105648331, 0.7433389211564153, None)

epoch 13/30
ex_result
Accuracy:  0.3730628701020537
Confusion Metric: 
 [[2817  686   41    0    0    0    0]
 [1600  117   16    0    0    0    0]
 [ 292    4   27    0    0    0    0]
 [ 492 1078    8    0    0    0    0]
 [ 145  164    7    0    0    0    0]
 [  12    4  191    0    0    0    0]
 [  19   14  203    0    0    0    0]]
Macro Precision/Recall/F-score:  (0.09075265604264623, 0.1351384106221108, 0.10847128098373551, None)
Accuracy:  0.7885851077233211
Confusion Metric: 
 [[2970  316    4  185   39    8   22]
 [ 142 1525   14   23   22    3    4]
 [  15   56  249    0    2    1    0]
 [ 422   82    0 1046   23    2    3]
 [ 108   78    1   50   74    1    4]
 [  15    1    0    0    0  190    1]
 [  20    4    0    5    1    1  205]]
Macro Precision/Recall/F-score:  (0.7874144322925344, 0.7389244190366602, 0.755054157961431, None)

epoch 14/30
ex_result
Accuracy:  0.36348746377724583
Confusion Metric: 
 [[2711  801   32    0    0    0    0]
 [1575  143   15    0    0    0    0]
 [ 287    5   31    0    0    0    0]
 [ 407 1165    6    0    0    0    0]
 [ 134  175    7    0    0    0    0]
 [  13    5  189    0    0    0    0]
 [  17   20  199    0    0    0    0]]
Macro Precision/Recall/F-score:  (0.09336252694108345, 0.1347779934153597, 0.11029365066857867, None)
Accuracy:  0.7888370921002897
Confusion Metric: 
 [[2807  280    7  358   66    7   19]
 [ 129 1489   26   58   24    3    4]
 [  12   43  264    1    2    1    0]
 [ 272   45    1 1230   28    1    1]
 [  97   63    1   70   82    1    2]
 [  13    1    0    1    0  190    2]
 [  22    4    0    9    1    1  199]]
Macro Precision/Recall/F-score:  (0.7740061821710907, 0.7526628757602107, 0.7602257579141278, None)

epoch 15/30
ex_result
Accuracy:  0.3815043467305027
Confusion Metric: 
 [[2883  618   43    0    0    0    0]
 [1605  112   16    0    0    0    0]
 [ 286    4   33    0    0    0    0]
 [ 486 1079   13    0    0    0    0]
 [ 160  150    6    0    0    0    0]
 [  14    4  189    0    0    0    0]
 [  20   14  202    0    0    0    0]]
Macro Precision/Recall/F-score:  (0.0929824306503365, 0.14004036862194585, 0.11158877148567911, None)
Accuracy:  0.7892150686657428
Confusion Metric: 
 [[2955  329   10  188   31    9   22]
 [ 128 1529   29   26   12    3    6]
 [   7   46  267    0    2    1    0]
 [ 413   81    1 1060   17    3    3]
 [ 116   85    2   50   58    1    4]
 [  11    1    0    0    0  192    3]
 [  17    6    2    8    0    0  203]]
Macro Precision/Recall/F-score:  (0.7778638417391855, 0.7408143508455237, 0.7479377099998875, None)

epoch 16/30
ex_result
Accuracy:  0.37369283104447526
Confusion Metric: 
 [[2809  701   34    0    0    0    0]
 [1584  131   18    0    0    0    0]
 [ 293    4   26    0    0    0    0]
 [ 428 1144    6    0    0    0    0]
 [ 143  166    7    0    0    0    0]
 [  15    4  188    0    0    0    0]
 [  20   15  201    0    0    0    0]]
Macro Precision/Recall/F-score:  (0.09221085131145461, 0.1355277199156548, 0.10968273920959294, None)
Accuracy:  0.7956406702784428
Confusion Metric: 
 [[2939  271    4  254   50    8   18]
 [ 152 1480   30   40   23    2    6]
 [  14   42  264    0    2    1    0]
 [ 338   56    1 1148   32    2    1]
 [ 101   69    1   49   91    1    4]
 [  13    1    0    0    0  192    1]
 [  20    4    0    8    1    2  201]]
Macro Precision/Recall/F-score:  (0.7839437358383511, 0.7564779694593492, 0.766897174950823, None)

epoch 17/30
ex_result
Accuracy:  0.3779765654529419
Confusion Metric: 
 [[2876  637   31    0    0    0    0]
 [1621  101   11    0    0    0    0]
 [ 297    3   23    0    0    0    0]
 [ 495 1079    4    0    0    0    0]
 [ 152  156    8    0    0    0    0]
 [  15    3  189    0    0    0    0]
 [  22   15  199    0    0    0    0]]
Macro Precision/Recall/F-score:  (0.08930334983968094, 0.1344286120337598, 0.10716105304798862, None)
Accuracy:  0.7894670530427114
Confusion Metric: 
 [[2907  295    6  260   45   10   21]
 [ 148 1494   26   35   24    2    4]
 [  10   45  264    1    2    1    0]
 [ 355   55    1 1140   22    2    3]
 [ 110   67    1   64   69    1    4]
 [  14    1    0    0    0  190    2]
 [  21    4    0    7    1    1  202]]
Macro Precision/Recall/F-score:  (0.7738256137997526, 0.744897201171941, 0.7539891615239076, None)

epoch 18/30
ex_result
Accuracy:  0.37999244046869096
Confusion Metric: 
 [[2884  636   24    0    0    0    0]
 [1612  110   11    0    0    0    0]
 [ 298    3   22    0    0    0    0]
 [ 475 1097    6    0    0    0    0]
 [ 157  153    6    0    0    0    0]
 [  17    3  187    0    0    0    0]
 [  28   17  191    0    0    0    0]]
Macro Precision/Recall/F-score:  (0.09012036250502715, 0.13505070739318764, 0.10794296708923716, None)
Accuracy:  0.7899710217966486
Confusion Metric: 
 [[2865  328    7  276   46    7   15]
 [ 128 1516   20   46   15    4    4]
 [  12   48  260    1    1    1    0]
 [ 320   54    1 1179   21    2    1]
 [ 100   75    1   64   71    1    4]
 [  17    1    0    0    0  187    2]
 [  26    4    0   11    2    1  192]]
Macro Precision/Recall/F-score:  (0.7826739268666616, 0.7395597926151284, 0.7542405610369226, None)

epoch 19/30
ex_result
Accuracy:  0.384024190500189
Confusion Metric: 
 [[2939  575   30    0    0    0    0]
 [1637   85   11    0    0    0    0]
 [ 295    4   24    0    0    0    0]
 [ 541 1028    9    0    0    0    0]
 [ 162  146    8    0    0    0    0]
 [  13    4  190    0    0    0    0]
 [  24   14  198    0    0    0    0]]
Macro Precision/Recall/F-score:  (0.08866482770398129, 0.13609146263577282, 0.10713573022125511, None)
Accuracy:  0.7898450296081643
Confusion Metric: 
 [[2958  312    8  194   42   10   20]
 [ 136 1521   24   29   17    1    5]
 [  12   42  265    2    1    1    0]
 [ 418   75    1 1054   22    2    6]
 [ 115   73    1   50   72    1    4]
 [  10    1    0    1    0  192    3]
 [  19    4    0    5    1    0  207]]
Macro Precision/Recall/F-score:  (0.7813121540176511, 0.7475984861235391, 0.7569778772848766, None)

epoch 20/30
ex_result
Accuracy:  0.37180294821721055
Confusion Metric: 
 [[2812  700   32    0    0    0    0]
 [1604  117   12    0    0    0    0]
 [ 298    3   22    0    0    0    0]
 [ 458 1115    5    0    0    0    0]
 [ 153  155    8    0    0    0    0]
 [  14    7  186    0    0    0    0]
 [  23   19  194    0    0    0    0]]
Macro Precision/Recall/F-score:  (0.08966492447001531, 0.13272545185419113, 0.106935055555776, None)
Accuracy:  0.7837974045609172
Confusion Metric: 
 [[2768  377    7  299   66    9   18]
 [  91 1542   19   44   28    4    5]
 [   6   50  263    1    2    1    0]
 [ 289   72    1 1176   37    2    1]
 [  91   81    2   57   80    1    4]
 [  12    1    0    0    0  192    2]
 [  20    4    0    7    4    1  200]]
Macro Precision/Recall/F-score:  (0.766466206682314, 0.751210274634713, 0.7555875037889624, None)

epoch 21/30
ex_result
Accuracy:  0.37394481542144387
Confusion Metric: 
 [[2825  694   25    0    0    0    0]
 [1602  121   10    0    0    0    0]
 [ 298    3   22    0    0    0    0]
 [ 459 1113    6    0    0    0    0]
 [ 150  158    8    0    0    0    0]
 [  15    5  187    0    0    0    0]
 [  26   19  191    0    0    0    0]]
Macro Precision/Recall/F-score:  (0.09026338870656006, 0.13357921010241924, 0.10762806073393712, None)
Accuracy:  0.7956406702784428
Confusion Metric: 
 [[2916  249    7  287   60    7   18]
 [ 149 1472   30   37   36    3    6]
 [  12   40  268    0    2    1    0]
 [ 310   55    1 1180   29    1    2]
 [  94   59    1   66   92    1    3]
 [  12    1    0    1    0  192    1]
 [  24    4    0    8    4    1  195]]
Macro Precision/Recall/F-score:  (0.7776612278422574, 0.7563776049876035, 0.7651802027082238, None)

epoch 22/30
ex_result
Accuracy:  0.3668892528663223
Confusion Metric: 
 [[2733  785   26    0    0    0    0]
 [1566  158    9    0    0    0    0]
 [ 298    4   21    0    0    0    0]
 [ 409 1162    7    0    0    0    0]
 [ 132  179    5    0    0    0    0]
 [  13    5  189    0    0    0    0]
 [  24   21  191    0    0    0    0]]
Macro Precision/Recall/F-score:  (0.09189585380016498, 0.13247848388631897, 0.108494856257485, None)
Accuracy:  0.7908529671160388
Confusion Metric: 
 [[2847  256    6  364   50    7   14]
 [ 140 1483   25   56   24    1    4]
 [   8   40  270    4    0    1    0]
 [ 280   47    1 1230   17    1    2]
 [  93   67    1   73   79    1    2]
 [  17    1    0    2    0  186    1]
 [  29    4    0   16    3    2  182]]
Macro Precision/Recall/F-score:  (0.7843362510603654, 0.7420270312102061, 0.7575527934282736, None)

epoch 23/30
ex_result
Accuracy:  0.37218092478266346
Confusion Metric: 
 [[2785  733   26    0    0    0    0]
 [1578  144   11    0    0    0    0]
 [ 294    4   25    0    0    0    0]
 [ 429 1141    8    0    0    0    0]
 [ 139  170    7    0    0    0    0]
 [  13    7  187    0    0    0    0]
 [  18   21  197    0    0    0    0]]
Macro Precision/Recall/F-score:  (0.09270934626252132, 0.1351896425333075, 0.10994087347831857, None)
Accuracy:  0.7908529671160388
Confusion Metric: 
 [[2815  306    6  321   69    8   19]
 [ 112 1522   23   40   26    3    7]
 [   4   47  268    2    1    1    0]
 [ 292   60    1 1188   32    1    4]
 [  88   73    1   62   87    1    4]
 [  10    1    0    0    0  194    2]
 [  12    4    1   10    4    2  203]]
Macro Precision/Recall/F-score:  (0.7709176054232216, 0.7611147329067147, 0.7634740475118422, None)

epoch 24/30
ex_result
Accuracy:  0.38843391709714
Confusion Metric: 
 [[2965  550   29    0    0    0    0]
 [1628   92   13    0    0    0    0]
 [ 293    4   26    0    0    0    0]
 [ 564 1006    8    0    0    0    0]
 [ 173  138    5    0    0    0    0]
 [  12    4  191    0    0    0    0]
 [  27   13  196    0    0    0    0]]
Macro Precision/Recall/F-score:  (0.09001931716278784, 0.1386011100492844, 0.10883744200576109, None)
Accuracy:  0.7923648733778506
Confusion Metric: 
 [[2928  259    8  303   25    7   14]
 [ 162 1499   16   34   14    3    5]
 [   8   44  267    3    0    1    0]
 [ 338   59    1 1166   10    1    3]
 [ 113   77    0   72   50    1    3]
 [  20    2    0    1    0  183    1]
 [  24    4    1   10    0    1  196]]
Macro Precision/Recall/F-score:  (0.7925619238757616, 0.7327841183444735, 0.748839673915916, None)

epoch 25/30
ex_result
Accuracy:  0.3818823232959557
Confusion Metric: 
 [[2886  624   34    0    0    0    0]
 [1612  108   13    0    0    0    0]
 [ 282    4   37    0    0    0    0]
 [ 487 1083    8    0    0    0    0]
 [ 147  162    7    0    0    0    0]
 [  15    3  189    0    0    0    0]
 [  23   13  200    0    0    0    0]]
Macro Precision/Recall/F-score:  (0.09417826034671774, 0.14160069231872102, 0.11296753148196115, None)
Accuracy:  0.7960186468438957
Confusion Metric: 
 [[2849  267    5  354   44    7   18]
 [ 146 1485   21   41   28    3    9]
 [  12   45  260    1    3    1    1]
 [ 254   42    1 1255   21    1    4]
 [  89   72    1   75   75    1    3]
 [  12    1    0    1    0  189    4]
 [  17    3    0   10    1    0  205]]
Macro Precision/Recall/F-score:  (0.7793925203856757, 0.754297551465106, 0.761596522165285, None)

epoch 26/30
ex_result
Accuracy:  0.3850321280080635
Confusion Metric: 
 [[2916  585   43    0    0    0    0]
 [1610  106   17    0    0    0    0]
 [ 286    3   34    0    0    0    0]
 [ 509 1056   13    0    0    0    0]
 [ 159  149    8    0    0    0    0]
 [  11    5  191    0    0    0    0]
 [  21   12  203    0    0    0    0]]
Macro Precision/Recall/F-score:  (0.09302125849253329, 0.14131826624730243, 0.11197454445199119, None)
Accuracy:  0.7947587249590525
Confusion Metric: 
 [[2937  273    6  254   46    8   20]
 [ 134 1512   19   27   30    4    7]
 [   7   49  264    0    2    1    0]
 [ 349   68    1 1127   27    1    5]
 [ 103   76    0   59   72    1    5]
 [  12    1    0    0    0  190    4]
 [  16    4    0    6    2    2  206]]
Macro Precision/Recall/F-score:  (0.7739302883029876, 0.7501909399185374, 0.7575380899780291, None)

epoch 27/30
ex_result
Accuracy:  0.3787325185838478
Confusion Metric: 
 [[2884  627   33    0    0    0    0]
 [1626   94   13    0    0    0    0]
 [ 292    3   28    0    0    0    0]
 [ 512 1059    7    0    0    0    0]
 [ 168  143    5    0    0    0    0]
 [  12    4  191    0    0    0    0]
 [  26   15  195    0    0    0    0]]
Macro Precision/Recall/F-score:  (0.09001640726534783, 0.1363854654893377, 0.10827408917223931, None)
Accuracy:  0.7972785687287388
Confusion Metric: 
 [[2880  261    4  322   45    9   23]
 [ 148 1496   22   36   21    2    8]
 [   6   48  263    2    2    1    1]
 [ 291   51    1 1206   24    1    4]
 [  98   67    1   60   86    1    3]
 [   8    1    0    1    0  193    4]
 [  17    4    0    8    2    1  204]]
Macro Precision/Recall/F-score:  (0.7834526433240431, 0.760472840601319, 0.7671506638284666, None)

epoch 28/30
ex_result
Accuracy:  0.3857880811389694
Confusion Metric: 
 [[2941  574   29    0    0    0    0]
 [1630   91   12    0    0    0    0]
 [ 290    3   30    0    0    0    0]
 [ 541 1031    6    0    0    0    0]
 [ 165  145    6    0    0    0    0]
 [  16    3  188    0    0    0    0]
 [  29   15  192    0    0    0    0]]
Macro Precision/Recall/F-score:  (0.09110322743129397, 0.13932037545706136, 0.1099117168551569, None)
Accuracy:  0.8004283734408467
Confusion Metric: 
 [[2975  224    7  293   20    8   17]
 [ 176 1469   26   42   14    2    4]
 [   7   38  273    2    2    1    0]
 [ 326   52    1 1183   13    1    2]
 [ 115   62    1   66   67    1    4]
 [  14    1    0    1    0  190    1]
 [  23    4    1    6    3    3  196]]
Macro Precision/Recall/F-score:  (0.7998193296358168, 0.7489146476414632, 0.7627216743408489, None)

epoch 29/30
ex_result
Accuracy:  0.3913317374322792
Confusion Metric: 
 [[2984  523   37    0    0    0    0]
 [1630   91   12    0    0    0    0]
 [ 288    4   31    0    0    0    0]
 [ 573  996    9    0    0    0    0]
 [ 171  138    7    0    0    0    0]
 [  13    3  191    0    0    0    0]
 [  27   12  197    0    0    0    0]]
Macro Precision/Recall/F-score:  (0.09147815038117467, 0.14149596946798162, 0.11077356753235071, None)
Accuracy:  0.7932468186972408
Confusion Metric: 
 [[2919  301    3  270   22   12   17]
 [ 144 1522   16   33   12    2    4]
 [   9   48  261    4    0    1    0]
 [ 338   69    1 1148   18    1    3]
 [ 112   80    1   58   60    1    4]
 [  10    1    0    1    0  191    4]
 [  26    4    0    7    1    3  195]]
Macro Precision/Recall/F-score:  (0.7925036763304975, 0.7394705767200981, 0.7530928360507678, None)

best_epoch:  27 0.7671506638284666 0.7972785687287388


time= 1232
use 343 from author
Loading Data...
len(test_X):  981
len(train_X):  3803
paragraph level BiLSTM label embedding 3 class

epoch 0/30
ex_result
Accuracy:  0.336273151064634
Confusion Metric: 
 [[2578  888   78    0    0    0    0]
 [1616   90   27    0    0    0    0]
 [ 314    8    1    0    0    0    0]
 [ 412 1142   24    0    0    0    0]
 [ 160  143   13    0    0    0    0]
 [  11    4  192    0    0    0    0]
 [  17   25  194    0    0    0    0]]
Macro Precision/Recall/F-score:  (0.07795990086981053, 0.11177938226454656, 0.09184439744364717, None)
Accuracy:  0.6652387551971778
Confusion Metric: 
 [[2801  316    8  347    0   69    3]
 [ 447 1221   13   27    0   24    1]
 [  31  237   49    5    0    1    0]
 [ 468   74    0 1017    0   16    3]
 [ 164   77    1   62    0   12    0]
 [  15    0    1    3    0  188    0]
 [  25    7    1   37    0  162    4]]
Macro Precision/Recall/F-score:  (0.4932859366646066, 0.45946566391578797, 0.4155145421145327, None)

epoch 1/30
ex_result
Accuracy:  0.342698752677334
Confusion Metric: 
 [[2626  858   60    0    0    0    0]
 [1617   91   25    0    0    0    0]
 [ 312    8    3    0    0    0    0]
 [ 392 1171   15    0    0    0    0]
 [ 161  146    9    0    0    0    0]
 [  10    4  193    0    0    0    0]
 [   8   23  205    0    0    0    0]]
Macro Precision/Recall/F-score:  (0.07967438005178859, 0.11468123977427451, 0.09401234335824464, None)
Accuracy:  0.7349124354290034
Confusion Metric: 
 [[3023  274    4  197    0   21   25]
 [ 330 1351   17   17    2    5   11]
 [  26   93  202    1    0    1    0]
 [ 561   90    0  914    2    6    5]
 [ 168   91    1   48    3    1    4]
 [  15    0    1    1    0  185    5]
 [  26    8    1   20    0   26  155]]
Macro Precision/Recall/F-score:  (0.719080921985286, 0.6281654708879191, 0.6375299419712, None)

epoch 2/30
ex_result
Accuracy:  0.35315610432153205
Confusion Metric: 
 [[2692  794   58    0    0    0    0]
 [1605  107   21    0    0    0    0]
 [ 311    8    4    0    0    0    0]
 [ 408 1157   13    0    0    0    0]
 [ 165  144    7    0    0    0    0]
 [  10    4  193    0    0    0    0]
 [  11   23  202    0    0    0    0]]
Macro Precision/Recall/F-score:  (0.08190818829708145, 0.119102889028994, 0.09703488534006023, None)
Accuracy:  0.75759102935618
Confusion Metric: 
 [[3066  239    5  175   14   19   26]
 [ 297 1384   18   17    3    3   11]
 [  22   72  226    1    1    1    0]
 [ 531   81    0  947   12    2    5]
 [ 152   99    1   46   14    1    3]
 [  13    0    1    1    0  187    5]
 [  17    8    1   14    1    6  189]]
Macro Precision/Recall/F-score:  (0.732041360645327, 0.6731556163696393, 0.6838296605784696, None)

epoch 3/30
ex_result
Accuracy:  0.34244676830036536
Confusion Metric: 
 [[2561  932   51    0    0    0    0]
 [1560  151   22    0    0    0    0]
 [ 306   11    6    0    0    0    0]
 [ 340 1233    5    0    0    0    0]
 [ 154  157    5    0    0    0    0]
 [  14    7  186    0    0    0    0]
 [  11   27  198    0    0    0    0]]
Macro Precision/Recall/F-score:  (0.08434933906559224, 0.11833396986131785, 0.09848792603829501, None)
Accuracy:  0.7698122716391583
Confusion Metric: 
 [[3057  199    4  222   17   10   35]
 [ 271 1386   17   36    7    3   13]
 [  18   65  236    2    1    1    0]
 [ 474   48    0 1032   19    0    5]
 [ 152   81    1   49   28    1    4]
 [  18    0    1    2    0  177    9]
 [  20    4    0   15    1    2  194]]
Macro Precision/Recall/F-score:  (0.7504157605522572, 0.6875300491058282, 0.7029674588505027, None)

epoch 4/30
ex_result
Accuracy:  0.34874637772458106
Confusion Metric: 
 [[2641  845   58    0    0    0    0]
 [1584  124   25    0    0    0    0]
 [ 311    9    3    0    0    0    0]
 [ 349 1220    9    0    0    0    0]
 [ 154  157    5    0    0    0    0]
 [   9    9  189    0    0    0    0]
 [  12   26  198    0    0    0    0]]
Macro Precision/Recall/F-score:  (0.08285425262180178, 0.11800618679264974, 0.09735118496247261, None)
Accuracy:  0.7754819201209525
Confusion Metric: 
 [[2967  230    4  292   10   11   30]
 [ 222 1433   16   45    4    3   10]
 [  16   60  242    4    0    1    0]
 [ 391   54    0 1118    8    2    5]
 [ 141   86    1   64   19    1    4]
 [  13    0    1    1    0  189    3]
 [  17    3    0   27    0    2  187]]
Macro Precision/Recall/F-score:  (0.7633174038277862, 0.6981914446515942, 0.7070839503872339, None)

epoch 5/30
ex_result
Accuracy:  0.34244676830036536
Confusion Metric: 
 [[2587  893   64    0    0    0    0]
 [1581  129   23    0    0    0    0]
 [ 312    9    2    0    0    0    0]
 [ 347 1221   10    0    0    0    0]
 [ 154  155    7    0    0    0    0]
 [  10    5  192    0    0    0    0]
 [  12   19  205    0    0    0    0]]
Macro Precision/Recall/F-score:  (0.08201863882425842, 0.11579935460362371, 0.09602298207848377, None)
Accuracy:  0.7803956154718408
Confusion Metric: 
 [[3048  203    3  236   11   11   32]
 [ 239 1426   16   32    7    3   10]
 [  13   58  247    3    1    1    0]
 [ 437   59    0 1065   11    1    5]
 [ 155   80    1   57   19    1    3]
 [  12    1    0    1    0  189    4]
 [  20    3    0   12    0    1  200]]
Macro Precision/Recall/F-score:  (0.7609650235481807, 0.7061620296979887, 0.7144723672056525, None)

epoch 6/30
ex_result
Accuracy:  0.33942295577674186
Confusion Metric: 
 [[2555  925   64    0    0    0    0]
 [1572  135   26    0    0    0    0]
 [ 310    9    4    0    0    0    0]
 [ 327 1239   12    0    0    0    0]
 [ 152  157    7    0    0    0    0]
 [   9    5  193    0    0    0    0]
 [   8   23  205    0    0    0    0]]
Macro Precision/Recall/F-score:  (0.08284568779670207, 0.1158886130839077, 0.09661287523835267, None)
Accuracy:  0.7834194279954643
Confusion Metric: 
 [[3018  216    4  236   25   12   33]
 [ 216 1442    5   41   13    4   12]
 [  15   79  226    0    2    1    0]
 [ 392   60    0 1105   15    2    4]
 [ 130   86    1   57   37    1    4]
 [   9    1    0    0    0  195    2]
 [  19    3    0   17    0    2  195]]
Macro Precision/Recall/F-score:  (0.765134662769209, 0.7098565565409845, 0.7227633632335461, None)

epoch 7/30
ex_result
Accuracy:  0.3172483306035026
Confusion Metric: 
 [[2364 1116   64    0    0    0    0]
 [1564  147   22    0    0    0    0]
 [ 306   10    7    0    0    0    0]
 [ 293 1275   10    0    0    0    0]
 [ 127  183    6    0    0    0    0]
 [   8    6  193    0    0    0    0]
 [   8   26  202    0    0    0    0]]
Macro Precision/Recall/F-score:  (0.08190025416709708, 0.11050553151888265, 0.09398896379009876, None)
Accuracy:  0.7844273655033388
Confusion Metric: 
 [[2981  226    4  248   31   14   40]
 [ 191 1454   19   38   16    4   11]
 [  13   49  258    0    2    1    0]
 [ 389   64    0 1091   21    2   11]
 [ 116   87    1   66   42    1    3]
 [  10    0    1    1    0  193    2]
 [  17    4    0    6    0    2  207]]
Macro Precision/Recall/F-score:  (0.7511004293726556, 0.7303839639997569, 0.7307966827166303, None)

epoch 8/30
ex_result
Accuracy:  0.33161144009071436
Confusion Metric: 
 [[2487 1006   51    0    0    0    0]
 [1577  136   20    0    0    0    0]
 [ 305    9    9    0    0    0    0]
 [ 316 1255    7    0    0    0    0]
 [ 142  170    4    0    0    0    0]
 [  12    7  188    0    0    0    0]
 [   7   29  200    0    0    0    0]]
Macro Precision/Recall/F-score:  (0.08343761340513474, 0.11544140612526779, 0.09684188714910369, None)
Accuracy:  0.7841753811263702
Confusion Metric: 
 [[2993  201    3  284   16    7   40]
 [ 212 1424   16   50   18    3   10]
 [  17   45  257    1    2    1    0]
 [ 379   49    1 1128   15    1    5]
 [ 132   79    1   67   33    1    3]
 [  12    1    0    1    0  189    4]
 [  19    2    0   13    1    1  200]]
Macro Precision/Recall/F-score:  (0.7604993575287023, 0.7202354937999923, 0.7275136584068429, None)

epoch 9/30
ex_result
Accuracy:  0.34824240897064385
Confusion Metric: 
 [[2654  830   60    0    0    0    0]
 [1606   98   29    0    0    0    0]
 [ 302    9   12    0    0    0    0]
 [ 383 1185   10    0    0    0    0]
 [ 152  157    7    0    0    0    0]
 [  11    6  190    0    0    0    0]
 [  12   19  205    0    0    0    0]]
Macro Precision/Recall/F-score:  (0.08346941572681703, 0.12036748157509548, 0.0985584406108684, None)
Accuracy:  0.78971903741968
Confusion Metric: 
 [[3132  207    3  158   11    7   26]
 [ 218 1462   15   18    7    3   10]
 [  20   52  249    0    1    1    0]
 [ 478   77    1  997   16    1    8]
 [ 143   93    1   43   33    1    2]
 [  13    1    0    1    0  190    2]
 [  23    2    0    5    0    1  205]]
Macro Precision/Recall/F-score:  (0.7883044289940905, 0.7172900070591541, 0.7316853685957732, None)

epoch 10/30
ex_result
Accuracy:  0.3526521355675948
Confusion Metric: 
 [[2675  807   62    0    0    0    0]
 [1599  116   18    0    0    0    0]
 [ 308    7    8    0    0    0    0]
 [ 390 1180    8    0    0    0    0]
 [ 149  162    5    0    0    0    0]
 [  11    4  192    0    0    0    0]
 [  13   16  207    0    0    0    0]]
Macro Precision/Recall/F-score:  (0.08379043926578003, 0.12092865582967267, 0.09897169248527744, None)
Accuracy:  0.7875771702154466
Confusion Metric: 
 [[3052  234    3  198   21   14   22]
 [ 207 1452   14   35   14    5    6]
 [  13   54  252    2    1    1    0]
 [ 427   64    0 1059   20    2    6]
 [ 129   84    1   58   41    1    2]
 [  11    1    0    0    0  193    2]
 [  22    5    0    2    1    4  202]]
Macro Precision/Recall/F-score:  (0.7728381947846465, 0.7240516938504572, 0.7354353552120193, None)

epoch 11/30
ex_result
Accuracy:  0.3520221746251732
Confusion Metric: 
 [[2666  817   61    0    0    0    0]
 [1588  115   30    0    0    0    0]
 [ 302    8   13    0    0    0    0]
 [ 393 1174   11    0    0    0    0]
 [ 151  159    6    0    0    0    0]
 [  11    4  192    0    0    0    0]
 [  10   17  209    0    0    0    0]]
Macro Precision/Recall/F-score:  (0.08509091936098315, 0.12269484707681233, 0.10046183052069028, None)
Accuracy:  0.7870732014615094
Confusion Metric: 
 [[3125  174    2  193   10    9   31]
 [ 276 1380   19   29   10    4   15]
 [  18   45  256    1    1    1    1]
 [ 447   49    1 1060   10    1   10]
 [ 158   79    1   49   25    1    3]
 [  11    1    0    0    0  193    2]
 [  19    4    0    3    0    2  208]]
Macro Precision/Recall/F-score:  (0.772953064925008, 0.7193174331078458, 0.7253400068637391, None)

epoch 12/30
ex_result
Accuracy:  0.35680987778757717
Confusion Metric: 
 [[2715  778   51    0    0    0    0]
 [1608  102   23    0    0    0    0]
 [ 299    9   15    0    0    0    0]
 [ 416 1155    7    0    0    0    0]
 [ 153  160    3    0    0    0    0]
 [  12    5  190    0    0    0    0]
 [  10   20  206    0    0    0    0]]
Macro Precision/Recall/F-score:  (0.08526811603238972, 0.1244829460740786, 0.10117704739974732, None)
Accuracy:  0.7888370921002897
Confusion Metric: 
 [[3079  226    4  176   25   14   20]
 [ 197 1465   17   27   14    4    9]
 [  18   45  256    0    2    1    1]
 [ 446   77    0 1025   21    2    7]
 [ 140   81    1   48   43    1    2]
 [  12    1    0    0    0  192    2]
 [  18    5    0    6    1    5  201]]
Macro Precision/Recall/F-score:  (0.7702667387747945, 0.7245114796355988, 0.735361489522985, None)

epoch 13/30
ex_result
Accuracy:  0.36827516693964973
Confusion Metric: 
 [[2818  674   52    0    0    0    0]
 [1618   96   19    0    0    0    0]
 [ 308    6    9    0    0    0    0]
 [ 487 1083    8    0    0    0    0]
 [ 157  155    4    0    0    0    0]
 [  14    6  187    0    0    0    0]
 [  14   18  204    0    0    0    0]]
Macro Precision/Recall/F-score:  (0.0837212481861537, 0.12548653889613096, 0.10032360571955201, None)
Accuracy:  0.792112889000882
Confusion Metric: 
 [[3126  225    3  138   24    6   22]
 [ 200 1463   20   21   15    5    9]
 [  16   45  259    0    2    1    0]
 [ 475   69    0  999   27    0    8]
 [ 132   85    1   42   53    1    2]
 [  16    1    0    1    0  185    4]
 [  24    5    1    4    0    0  202]]
Macro Precision/Recall/F-score:  (0.7839562266084027, 0.7255094208726314, 0.7429696700585726, None)

epoch 14/30
ex_result
Accuracy:  0.357943807483936
Confusion Metric: 
 [[2710  776   58    0    0    0    0]
 [1601  114   18    0    0    0    0]
 [ 300    6   17    0    0    0    0]
 [ 423 1146    9    0    0    0    0]
 [ 149  161    6    0    0    0    0]
 [  10    5  192    0    0    0    0]
 [  14   16  206    0    0    0    0]]
Macro Precision/Recall/F-score:  (0.08647272382554896, 0.12615516375837194, 0.10257006647473042, None)
Accuracy:  0.7926168577548192
Confusion Metric: 
 [[3058  199    4  217   31    7   28]
 [ 224 1425   19   32   21    1   11]
 [  17   41  261    1    1    1    1]
 [ 394   51    1 1100   24    2    6]
 [ 128   78    2   51   53    1    3]
 [  12    1    0    0    0  189    5]
 [  23    3    1    4    0    0  205]]
Macro Precision/Recall/F-score:  (0.7734659747725458, 0.7342405499369805, 0.7454135109044697, None)

epoch 15/30
ex_result
Accuracy:  0.3586997606148419
Confusion Metric: 
 [[2711  771   62    0    0    0    0]
 [1589  118   26    0    0    0    0]
 [ 298    7   18    0    0    0    0]
 [ 420 1148   10    0    0    0    0]
 [ 152  158    6    0    0    0    0]
 [  10    3  194    0    0    0    0]
 [  11   18  207    0    0    0    0]]
Macro Precision/Recall/F-score:  (0.08710689938093939, 0.1269674892519608, 0.10327580661386494, None)
Accuracy:  0.7934988030742094
Confusion Metric: 
 [[2986  251    4  236   39    9   19]
 [ 181 1473   21   31   14    5    8]
 [  12   48  260    0    2    1    0]
 [ 365   54    1 1134   20    0    4]
 [ 107   92    1   59   53    1    3]
 [  12    1    0    1    0  192    1]
 [  24    2    2    8    0    0  200]]
Macro Precision/Recall/F-score:  (0.7766387997685061, 0.7369745793477508, 0.7484910018469113, None)

epoch 16/30
ex_result
Accuracy:  0.34244676830036536
Confusion Metric: 
 [[2589  889   66    0    0    0    0]
 [1593  115   25    0    0    0    0]
 [ 302    7   14    0    0    0    0]
 [ 406 1162   10    0    0    0    0]
 [ 141  168    7    0    0    0    0]
 [   9    4  194    0    0    0    0]
 [   7   18  211    0    0    0    0]]
Macro Precision/Recall/F-score:  (0.08403006006088816, 0.12003329178105734, 0.09883104298876023, None)
Accuracy:  0.7946327327705682
Confusion Metric: 
 [[3027  224    6  210   40    8   29]
 [ 186 1458   34   22   19    3   11]
 [  12   35  274    0    1    1    0]
 [ 389   72    2 1088   21    2    4]
 [ 113   85    2   51   61    1    3]
 [  10    1    0    1    0  193    2]
 [  20    4    0    4    1    1  206]]
Macro Precision/Recall/F-score:  (0.770262159989905, 0.7473570464749847, 0.7515480912194787, None)

epoch 17/30
ex_result
Accuracy:  0.3525261433791105
Confusion Metric: 
 [[2690  801   53    0    0    0    0]
 [1619   96   18    0    0    0    0]
 [ 305    6   12    0    0    0    0]
 [ 431 1137   10    0    0    0    0]
 [ 161  151    4    0    0    0    0]
 [  11    2  194    0    0    0    0]
 [  15   16  205    0    0    0    0]]
Macro Precision/Recall/F-score:  (0.08311369397375339, 0.12165375949709559, 0.09872083161359911, None)
Accuracy:  0.7922388811893663
Confusion Metric: 
 [[2955  245    4  261   41    8   30]
 [ 170 1471   29   28   19    4   12]
 [  14   48  258    0    2    1    0]
 [ 339   61    1 1144   24    3    6]
 [ 102   91    2   56   61    1    3]
 [  10    1    0    0    0  191    5]
 [  16    5    0    6    1    0  208]]
Macro Precision/Recall/F-score:  (0.7636992488303643, 0.7433499767245035, 0.7468235928412821, None)

epoch 18/30
ex_result
Accuracy:  0.3516441980597203
Confusion Metric: 
 [[2682  809   53    0    0    0    0]
 [1619   93   21    0    0    0    0]
 [ 301    6   16    0    0    0    0]
 [ 433 1137    8    0    0    0    0]
 [ 154  157    5    0    0    0    0]
 [  10    5  192    0    0    0    0]
 [  15   20  201    0    0    0    0]]
Macro Precision/Recall/F-score:  (0.08405751855430188, 0.12285311127576008, 0.09978719088267908, None)
Accuracy:  0.7974045609172231
Confusion Metric: 
 [[3063  198    3  208   40   12   20]
 [ 213 1434   31   28   16    4    7]
 [  13   42  264    1    2    1    0]
 [ 387   52    1 1109   25    2    2]
 [ 119   75    1   47   71    1    2]
 [  13    1    0    1    0  192    0]
 [  23    6    0    9    1    1  196]]
Macro Precision/Recall/F-score:  (0.7837185528091487, 0.7420855035210744, 0.7563666578561364, None)

epoch 19/30
ex_result
Accuracy:  0.3617235731384654
Confusion Metric: 
 [[2756  732   56    0    0    0    0]
 [1607  104   22    0    0    0    0]
 [ 304    8   11    0    0    0    0]
 [ 458 1110   10    0    0    0    0]
 [ 158  155    3    0    0    0    0]
 [   9    4  194    0    0    0    0]
 [  16   17  203    0    0    0    0]]
Macro Precision/Recall/F-score:  (0.08429809379620312, 0.12453137691974857, 0.10047032743045416, None)
Accuracy:  0.7892150686657428
Confusion Metric: 
 [[3112  217    3  144   39    8   21]
 [ 209 1460   18   17   17    2   10]
 [  17   47  256    0    2    1    0]
 [ 486   69    1  987   28    3    4]
 [ 140   77    1   38   57    1    2]
 [  13    1    0    1    0  192    0]
 [  28    4    0    2    1    1  200]]
Macro Precision/Recall/F-score:  (0.7808799361878321, 0.7277131562337704, 0.7452131882695027, None)

epoch 20/30
ex_result
Accuracy:  0.36726722943177526
Confusion Metric: 
 [[2810  677   57    0    0    0    0]
 [1619   94   20    0    0    0    0]
 [ 305    7   11    0    0    0    0]
 [ 488 1082    8    0    0    0    0]
 [ 163  149    4    0    0    0    0]
 [   9    3  195    0    0    0    0]
 [  17   17  202    0    0    0    0]]
Macro Precision/Recall/F-score:  (0.08396764983482816, 0.12588375975774008, 0.10062643470181802, None)
Accuracy:  0.7955146780899585
Confusion Metric: 
 [[3069  219    5  164   45    7   35]
 [ 202 1460   18   21   19    2   11]
 [  15   47  257    1    2    1    0]
 [ 438   52    2 1050   27    2    7]
 [ 125   72    1   37   78    1    2]
 [  12    1    0    1    0  192    1]
 [  15    4    0    6    2    1  208]]
Macro Precision/Recall/F-score:  (0.7825831490825387, 0.7464618345263212, 0.7578303498318725, None)

epoch 21/30
ex_result
Accuracy:  0.357943807483936
Confusion Metric: 
 [[2716  770   58    0    0    0    0]
 [1598  111   24    0    0    0    0]
 [ 301    8   14    0    0    0    0]
 [ 464 1102   12    0    0    0    0]
 [ 151  156    9    0    0    0    0]
 [  10    4  193    0    0    0    0]
 [  15   20  201    0    0    0    0]]
Macro Precision/Recall/F-score:  (0.08505241088444011, 0.12482287439061708, 0.10111153935112628, None)
Accuracy:  0.7926168577548192
Confusion Metric: 
 [[3093  187    5  187   34   10   28]
 [ 217 1425   27   29   17    5   13]
 [  14   45  260    1    2    1    0]
 [ 438   54    1 1053   25    0    7]
 [ 139   63    1   47   60    1    5]
 [  13    1    0    1    0  191    1]
 [  14    5    0    6    2    0  209]]
Macro Precision/Recall/F-score:  (0.7727391214960152, 0.7379202957805766, 0.7469960676978371, None)

epoch 22/30
ex_result
Accuracy:  0.3563059090336399
Confusion Metric: 
 [[2699  782   63    0    0    0    0]
 [1599  111   23    0    0    0    0]
 [ 297    8   18    0    0    0    0]
 [ 421 1146   11    0    0    0    0]
 [ 148  162    6    0    0    0    0]
 [  10    3  194    0    0    0    0]
 [  15   18  203    0    0    0    0]]
Macro Precision/Recall/F-score:  (0.08638051065159659, 0.12590674027628462, 0.10241993520090034, None)
Accuracy:  0.7951367015245054
Confusion Metric: 
 [[3075  198    3  189   46   10   23]
 [ 224 1413   26   33   24    3   10]
 [  13   44  263    0    2    1    0]
 [ 404   48    1 1088   29    2    6]
 [ 119   67    2   47   76    1    4]
 [  11    1    0    1    0  194    0]
 [  22    3    0    7    2    0  202]]
Macro Precision/Recall/F-score:  (0.7783695233303564, 0.7457673147952024, 0.7573262832950794, None)

epoch 23/30
ex_result
Accuracy:  0.3649993700390576
Confusion Metric: 
 [[2804  686   54    0    0    0    0]
 [1627   81   25    0    0    0    0]
 [ 304    7   12    0    0    0    0]
 [ 503 1067    8    0    0    0    0]
 [ 165  145    6    0    0    0    0]
 [   9    3  195    0    0    0    0]
 [  20   17  199    0    0    0    0]]
Macro Precision/Recall/F-score:  (0.0829467505932808, 0.12501254981341853, 0.09961447952832096, None)
Accuracy:  0.7923648733778506
Confusion Metric: 
 [[3004  248    3  205   45   10   29]
 [ 181 1486   23   20   13    2    8]
 [  13   50  256    1    2    1    0]
 [ 396   74    1 1075   26    1    5]
 [ 109   89    1   41   71    1    4]
 [  12    1    0    1    0  191    2]
 [  19    5    0    5    1    0  206]]
Macro Precision/Recall/F-score:  (0.7788344664460303, 0.7427406199987799, 0.7536305086864086, None)

epoch 24/30
ex_result
Accuracy:  0.35680987778757717
Confusion Metric: 
 [[2709  769   66    0    0    0    0]
 [1597  109   27    0    0    0    0]
 [ 303    6   14    0    0    0    0]
 [ 461 1103   14    0    0    0    0]
 [ 154  155    7    0    0    0    0]
 [   9    4  194    0    0    0    0]
 [  17   15  204    0    0    0    0]]
Macro Precision/Recall/F-score:  (0.08472222583897401, 0.1243758404777252, 0.10072363265024079, None)
Accuracy:  0.7912309436814917
Confusion Metric: 
 [[2996  227    7  213   57   10   34]
 [ 173 1454   35   31   23    3   14]
 [  14   35  272    0    1    1    0]
 [ 403   60    1 1073   31    1    9]
 [ 109   76    2   40   82    1    6]
 [  10    1    0    1    0  190    5]
 [  16    2    0    4    1    0  213]]
Macro Precision/Recall/F-score:  (0.7622419481007218, 0.7551957594939047, 0.7543154837687747, None)

epoch 25/30
ex_result
Accuracy:  0.37923648733778503
Confusion Metric: 
 [[2918  580   46    0    0    0    0]
 [1633   80   20    0    0    0    0]
 [ 307    4   12    0    0    0    0]
 [ 556 1012   10    0    0    0    0]
 [ 185  128    3    0    0    0    0]
 [  10    3  194    0    0    0    0]
 [  21   13  202    0    0    0    0]]
Macro Precision/Recall/F-score:  (0.0838416500090462, 0.1295254082197588, 0.10154394651354359, None)
Accuracy:  0.7884591155348368
Confusion Metric: 
 [[3073  242    2  148   50   11   18]
 [ 192 1480   20   11   18    3    9]
 [  11   52  259    0    0    1    0]
 [ 477   82    0  981   30    3    5]
 [ 124   84    1   31   72    1    3]
 [  11    1    0    1    0  193    1]
 [  27    3    1    3    2    0  200]]
Macro Precision/Recall/F-score:  (0.7818248899792233, 0.7360447394994897, 0.7514597605222413, None)

epoch 26/30
ex_result
Accuracy:  0.3489983621015497
Confusion Metric: 
 [[2636  843   65    0    0    0    0]
 [1583  121   29    0    0    0    0]
 [ 304    6   13    0    0    0    0]
 [ 405 1164    9    0    0    0    0]
 [ 146  163    7    0    0    0    0]
 [   8    3  196    0    0    0    0]
 [  16   18  202    0    0    0    0]]
Macro Precision/Recall/F-score:  (0.08488824340088916, 0.12198016036015094, 0.10008399924571589, None)
Accuracy:  0.7894670530427114
Confusion Metric: 
 [[3076  164    2  224   43   12   23]
 [ 266 1371   18   41   23    3   11]
 [  18   42  259    0    2    1    1]
 [ 415   39    0 1094   23    2    5]
 [ 126   60    1   55   69    1    4]
 [  11    1    0    1    0  192    2]
 [  23    3    1    2    2    0  205]]
Macro Precision/Recall/F-score:  (0.7777353595306729, 0.7383906358689687, 0.7519125395605162, None)

epoch 27/30
ex_result
Accuracy:  0.35920372936877915
Confusion Metric: 
 [[2750  741   53    0    0    0    0]
 [1618   92   23    0    0    0    0]
 [ 309    5    9    0    0    0    0]
 [ 452 1117    9    0    0    0    0]
 [ 164  144    8    0    0    0    0]
 [   9    3  195    0    0    0    0]
 [  23   11  202    0    0    0    0]]
Macro Precision/Recall/F-score:  (0.08257256965167177, 0.12241575388234335, 0.09855389738301006, None)
Accuracy:  0.7932468186972408
Confusion Metric: 
 [[3025  201    2  231   52    8   25]
 [ 214 1446   14   27   17    2   13]
 [  17   60  242    1    1    1    1]
 [ 384   50    0 1107   29    3    5]
 [ 112   78    1   43   76    1    5]
 [  12    1    0    1    0  191    2]
 [  19    5    0    2    1    0  209]]
Macro Precision/Recall/F-score:  (0.7808969554076447, 0.7410711880035671, 0.7547997640110194, None)

epoch 28/30
ex_result
Accuracy:  0.37029104195539875
Confusion Metric: 
 [[2841  655   48    0    0    0    0]
 [1624   87   22    0    0    0    0]
 [ 304    8   11    0    0    0    0]
 [ 508 1063    7    0    0    0    0]
 [ 174  136    6    0    0    0    0]
 [   9    3  195    0    0    0    0]
 [  22   18  196    0    0    0    0]]
Macro Precision/Recall/F-score:  (0.08358348094480424, 0.12655632261695585, 0.10053305512542465, None)
Accuracy:  0.7903489983621016
Confusion Metric: 
 [[3039  227    4  216   32    8   18]
 [ 201 1463   23   24   12    2    8]
 [  13   43  264    1    1    1    0]
 [ 420   68    0 1069   17    3    1]
 [ 121   85    1   48   57    1    3]
 [  12    1    0    1    0  188    5]
 [  28    5    0    8    2    0  193]]
Macro Precision/Recall/F-score:  (0.7850983617458782, 0.7289818038702712, 0.7464750008098762, None)

epoch 29/30
ex_result
Accuracy:  0.36537734660451054
Confusion Metric: 
 [[2797  688   59    0    0    0    0]
 [1616   93   24    0    0    0    0]
 [ 307    6   10    0    0    0    0]
 [ 504 1064   10    0    0    0    0]
 [ 167  141    8    0    0    0    0]
 [  10    2  195    0    0    0    0]
 [  22   13  201    0    0    0    0]]
Macro Precision/Recall/F-score:  (0.08311826637093725, 0.1248350196384874, 0.09966742652541442, None)
Accuracy:  0.7947587249590525
Confusion Metric: 
 [[3083  188    6  200   39    9   19]
 [ 227 1419   27   28   18    3   11]
 [  16   43  260    1    1    1    1]
 [ 422   50    0 1074   27    2    3]
 [ 131   68    1   37   74    1    4]
 [  11    1    0    1    0  192    2]
 [  20    5    0    4    1    0  206]]
Macro Precision/Recall/F-score:  (0.7848886226759196, 0.744127004498848, 0.7578702884538553, None)

best_epoch:  29 0.7578702884538553 0.7947587249590525


valid f1:  0.7614667321967022 [0.7593792443077847, 0.7671506638284666, 0.7578702884538553]
valid acc: 0.7955146780899583 [0.7945067405820839, 0.7972785687287388, 0.7947587249590525]
