['/home/lizhuoqun/SE_type_code', '/home/lizhuoqun/anconda/envs/py38/lib/python38.zip', '/home/lizhuoqun/anconda/envs/py38/lib/python3.8', '/home/lizhuoqun/anconda/envs/py38/lib/python3.8/lib-dynload', '/home/lizhuoqun/anconda/envs/py38/lib/python3.8/site-packages', '/home/lizhuoqun/SE_type_code/data', '/home/lizhuoqun/SE_type_code/tools', '/home/lizhuoqun/SE_type_code/models', '/home/lizhuoqun/SE_type_code/pre_train']
sentence level BiLSTM
paragraph level BiLSTM
Namespace(BATCH_SIZE=128, DROPOUT=0.5, EPOCHs=30, EX_LOSS=0, FREEZE=1, IF_USE_EX_INITIAL_1=1, IF_USE_EX_INITIAL_2=0, LEARN_RATE=0.001, METHOD=0)


time= 1230
use 343 from author
Loading Data...
len(test_X):  981
len(train_X):  3803
MyModel

epoch 0/30
ex_result
Accuracy:  0.7448658183192642
Confusion Metric: 
 [[2837  256    9  338   76    8   20]
 [ 181 1424   29   52   40    2    5]
 [  18   55  248    1    1    0    0]
 [ 443   93    3  987   46    2    4]
 [ 105   63    2   61   81    1    3]
 [  28    2    1    5    3  164    4]
 [  31    7    1   20    4    2  171]]
Macro Precision/Recall/F-score:  (0.730545915125788, 0.6840939200053179, 0.7049971969134345, None)
Accuracy:  0.7722061232203603
Confusion Metric: 
 [[3056  219    7  238    1    7   16]
 [ 259 1412   35   21    0    3    3]
 [  14   46  262    0    0    1    0]
 [ 439   46    0 1086    1    2    4]
 [ 163   68    2   75    3    1    4]
 [  42    3    1    5    0  155    1]
 [  40    5    2   33    0    1  155]]
Macro Precision/Recall/F-score:  (0.7854167401968623, 0.6559283708070275, 0.6762417222850756, None)

epoch 1/30
ex_result
Accuracy:  0.7448658183192642
Confusion Metric: 
 [[2837  256    9  338   76    8   20]
 [ 181 1424   29   52   40    2    5]
 [  18   55  248    1    1    0    0]
 [ 443   93    3  987   46    2    4]
 [ 105   63    2   61   81    1    3]
 [  28    2    1    5    3  164    4]
 [  31    7    1   20    4    2  171]]
Macro Precision/Recall/F-score:  (0.730545915125788, 0.6840939200053179, 0.7049971969134345, None)
Accuracy:  0.7821595061106211
Confusion Metric: 
 [[3020  206    6  272   11    9   20]
 [ 253 1408   26   31    7    4    4]
 [  17   44  261    0    0    1    0]
 [ 371   39    0 1156    7    1    4]
 [ 157   63    2   60   31    1    2]
 [  28    2    1    3    1  170    2]
 [  34    6    0   33    0    1  162]]
Macro Precision/Recall/F-score:  (0.7839854039217853, 0.6872898285710942, 0.7116882943600258, None)

epoch 2/30
ex_result
Accuracy:  0.7448658183192642
Confusion Metric: 
 [[2837  256    9  338   76    8   20]
 [ 181 1424   29   52   40    2    5]
 [  18   55  248    1    1    0    0]
 [ 443   93    3  987   46    2    4]
 [ 105   63    2   61   81    1    3]
 [  28    2    1    5    3  164    4]
 [  31    7    1   20    4    2  171]]
Macro Precision/Recall/F-score:  (0.730545915125788, 0.6840939200053179, 0.7049971969134345, None)
Accuracy:  0.7495275292931838
Confusion Metric: 
 [[2589  218    6  694    5   12   20]
 [ 204 1402   22   91    4    6    4]
 [  15   53  253    1    0    1    0]
 [ 192   36    0 1343    2    1    4]
 [ 114   58    2  123   15    1    3]
 [  17    1    0    6    0  181    2]
 [  21    5    0   43    0    1  166]]
Macro Precision/Recall/F-score:  (0.770357878304231, 0.6855922245925645, 0.6906234048967166, None)

epoch 3/30
ex_result
Accuracy:  0.7448658183192642
Confusion Metric: 
 [[2837  256    9  338   76    8   20]
 [ 181 1424   29   52   40    2    5]
 [  18   55  248    1    1    0    0]
 [ 443   93    3  987   46    2    4]
 [ 105   63    2   61   81    1    3]
 [  28    2    1    5    3  164    4]
 [  31    7    1   20    4    2  171]]
Macro Precision/Recall/F-score:  (0.730545915125788, 0.6840939200053179, 0.7049971969134345, None)
Accuracy:  0.778883709210029
Confusion Metric: 
 [[2882  219    7  362   32    9   33]
 [ 227 1411   33   37   15    4    6]
 [  15   39  267    0    1    1    0]
 [ 297   47    0 1214   15    1    4]
 [ 135   60    2   59   55    1    4]
 [  27    1    1    3    1  169    5]
 [  20    4    0   27    0    1  184]]
Macro Precision/Recall/F-score:  (0.75959391219785, 0.7133558394813819, 0.7265709891476708, None)

epoch 4/30
ex_result
Accuracy:  0.7448658183192642
Confusion Metric: 
 [[2837  256    9  338   76    8   20]
 [ 181 1424   29   52   40    2    5]
 [  18   55  248    1    1    0    0]
 [ 443   93    3  987   46    2    4]
 [ 105   63    2   61   81    1    3]
 [  28    2    1    5    3  164    4]
 [  31    7    1   20    4    2  171]]
Macro Precision/Recall/F-score:  (0.730545915125788, 0.6840939200053179, 0.7049971969134345, None)
Accuracy:  0.7767418420057957
Confusion Metric: 
 [[2857  249    6  358   39   11   24]
 [ 199 1446   25   34   19    5    5]
 [  14   48  257    1    2    1    0]
 [ 305   48    0 1203   18    1    3]
 [ 134   63    2   59   53    1    4]
 [  20    1    0    3    2  179    2]
 [  26    6    0   31    2    1  170]]
Macro Precision/Recall/F-score:  (0.7555026964215159, 0.7073371887565992, 0.7238719469411097, None)

epoch 5/30
ex_result
Accuracy:  0.7448658183192642
Confusion Metric: 
 [[2837  256    9  338   76    8   20]
 [ 181 1424   29   52   40    2    5]
 [  18   55  248    1    1    0    0]
 [ 443   93    3  987   46    2    4]
 [ 105   63    2   61   81    1    3]
 [  28    2    1    5    3  164    4]
 [  31    7    1   20    4    2  171]]
Macro Precision/Recall/F-score:  (0.730545915125788, 0.6840939200053179, 0.7049971969134345, None)
Accuracy:  0.7756079123094368
Confusion Metric: 
 [[2750  287    7  413   45   13   29]
 [ 164 1475   25   38   19    6    6]
 [  12   44  264    1    1    1    0]
 [ 259   51    0 1252   13    1    2]
 [ 122   62    2   66   58    1    5]
 [  18    1    0    2    1  183    2]
 [  20    5    0   35    1    1  174]]
Macro Precision/Recall/F-score:  (0.7534182829275372, 0.7203888335713989, 0.7290037826605361, None)

epoch 6/30
ex_result
Accuracy:  0.7448658183192642
Confusion Metric: 
 [[2837  256    9  338   76    8   20]
 [ 181 1424   29   52   40    2    5]
 [  18   55  248    1    1    0    0]
 [ 443   93    3  987   46    2    4]
 [ 105   63    2   61   81    1    3]
 [  28    2    1    5    3  164    4]
 [  31    7    1   20    4    2  171]]
Macro Precision/Recall/F-score:  (0.730545915125788, 0.6840939200053179, 0.7049971969134345, None)
Accuracy:  0.7790097013985133
Confusion Metric: 
 [[2826  259    6  379   39    8   27]
 [ 188 1465   25   35   12    4    4]
 [  14   43  262    1    2    1    0]
 [ 285   51    0 1221   16    1    4]
 [ 132   63    2   60   54    1    4]
 [  18    1    0    2    2  180    4]
 [  23    7    0   29    2    0  175]]
Macro Precision/Recall/F-score:  (0.7617688430414816, 0.7156636322290899, 0.7299921445515736, None)

epoch 7/30
ex_result
Accuracy:  0.7448658183192642
Confusion Metric: 
 [[2837  256    9  338   76    8   20]
 [ 181 1424   29   52   40    2    5]
 [  18   55  248    1    1    0    0]
 [ 443   93    3  987   46    2    4]
 [ 105   63    2   61   81    1    3]
 [  28    2    1    5    3  164    4]
 [  31    7    1   20    4    2  171]]
Macro Precision/Recall/F-score:  (0.730545915125788, 0.6840939200053179, 0.7049971969134345, None)
Accuracy:  0.7783797404560917
Confusion Metric: 
 [[2796  253    7  401   48   15   24]
 [ 184 1451   26   39   24    5    4]
 [  12   42  265    1    2    1    0]
 [ 264   42    0 1246   20    2    4]
 [ 125   61    2   60   64    1    3]
 [  13    1    0    2    1  187    3]
 [  23    5    0   35    3    1  169]]
Macro Precision/Recall/F-score:  (0.7536854318674304, 0.7226101383353777, 0.7324930435046645, None)

epoch 8/30
ex_result
Accuracy:  0.7448658183192642
Confusion Metric: 
 [[2837  256    9  338   76    8   20]
 [ 181 1424   29   52   40    2    5]
 [  18   55  248    1    1    0    0]
 [ 443   93    3  987   46    2    4]
 [ 105   63    2   61   81    1    3]
 [  28    2    1    5    3  164    4]
 [  31    7    1   20    4    2  171]]
Macro Precision/Recall/F-score:  (0.730545915125788, 0.6840939200053179, 0.7049971969134345, None)
Accuracy:  0.7802696232833565
Confusion Metric: 
 [[2829  293    6  330   49   13   24]
 [ 167 1484   27   27   19    4    5]
 [  11   49  260    1    1    1    0]
 [ 301   56    0 1193   23    1    4]
 [ 127   64    2   50   69    1    3]
 [  17    1    0    2    1  184    2]
 [  24    8    0   27    3    0  174]]
Macro Precision/Recall/F-score:  (0.7610144127559905, 0.7228677687420386, 0.7364299720932822, None)

epoch 9/30
ex_result
Accuracy:  0.7448658183192642
Confusion Metric: 
 [[2837  256    9  338   76    8   20]
 [ 181 1424   29   52   40    2    5]
 [  18   55  248    1    1    0    0]
 [ 443   93    3  987   46    2    4]
 [ 105   63    2   61   81    1    3]
 [  28    2    1    5    3  164    4]
 [  31    7    1   20    4    2  171]]
Macro Precision/Recall/F-score:  (0.730545915125788, 0.6840939200053179, 0.7049971969134345, None)
Accuracy:  0.7661584981731132
Confusion Metric: 
 [[2659  289    5  507   38   12   34]
 [ 162 1483   20   39   16    4    9]
 [  11   68  241    1    1    1    0]
 [ 222   50    0 1292    9    1    4]
 [ 117   68    1   79   44    1    6]
 [  16    1    0    2    0  184    4]
 [  15    7    0   35    1    0  178]]
Macro Precision/Recall/F-score:  (0.7451076785954126, 0.7076111845033702, 0.7141363835942914, None)

epoch 10/30
ex_result
Accuracy:  0.7448658183192642
Confusion Metric: 
 [[2837  256    9  338   76    8   20]
 [ 181 1424   29   52   40    2    5]
 [  18   55  248    1    1    0    0]
 [ 443   93    3  987   46    2    4]
 [ 105   63    2   61   81    1    3]
 [  28    2    1    5    3  164    4]
 [  31    7    1   20    4    2  171]]
Macro Precision/Recall/F-score:  (0.730545915125788, 0.6840939200053179, 0.7049971969134345, None)
Accuracy:  0.7711981857124858
Confusion Metric: 
 [[2685  254    6  518   37   14   30]
 [ 181 1455   21   48   16    5    7]
 [  12   53  254    1    2    1    0]
 [ 204   34    0 1329    9    1    1]
 [ 120   57    2   85   46    1    5]
 [  16    1    0    2    1  184    3]
 [  17    5    0   45    0    1  168]]
Macro Precision/Recall/F-score:  (0.7505521973543469, 0.7103012848199379, 0.7183838212621534, None)

epoch 11/30
ex_result
Accuracy:  0.7448658183192642
Confusion Metric: 
 [[2837  256    9  338   76    8   20]
 [ 181 1424   29   52   40    2    5]
 [  18   55  248    1    1    0    0]
 [ 443   93    3  987   46    2    4]
 [ 105   63    2   61   81    1    3]
 [  28    2    1    5    3  164    4]
 [  31    7    1   20    4    2  171]]
Macro Precision/Recall/F-score:  (0.730545915125788, 0.6840939200053179, 0.7049971969134345, None)
Accuracy:  0.7776237873251859
Confusion Metric: 
 [[2816  248    6  393   41   11   29]
 [ 199 1439   23   38   23    4    7]
 [  14   47  258    1    2    1    0]
 [ 274   33    0 1243   23    1    4]
 [ 125   59    2   65   61    1    3]
 [  19    1    0    2    2  179    4]
 [  23    6    0   29    2    0  176]]
Macro Precision/Recall/F-score:  (0.7550210184382052, 0.7164195623462052, 0.7297254635878819, None)

epoch 12/30
ex_result
Accuracy:  0.7448658183192642
Confusion Metric: 
 [[2837  256    9  338   76    8   20]
 [ 181 1424   29   52   40    2    5]
 [  18   55  248    1    1    0    0]
 [ 443   93    3  987   46    2    4]
 [ 105   63    2   61   81    1    3]
 [  28    2    1    5    3  164    4]
 [  31    7    1   20    4    2  171]]
Macro Precision/Recall/F-score:  (0.730545915125788, 0.6840939200053179, 0.7049971969134345, None)
Accuracy:  0.7670404434925034
Confusion Metric: 
 [[2619  291    7  556   32   12   27]
 [ 157 1478   24   48   13    5    8]
 [  12   51  256    1    2    1    0]
 [ 191   46    0 1332    6    1    2]
 [ 109   68    1   89   42    1    6]
 [  14    1    0    2    0  186    4]
 [  16    5    0   40    0    0  175]]
Macro Precision/Recall/F-score:  (0.7525875465512961, 0.7145022097061021, 0.7184249248382122, None)

epoch 13/30
ex_result
Accuracy:  0.7448658183192642
Confusion Metric: 
 [[2837  256    9  338   76    8   20]
 [ 181 1424   29   52   40    2    5]
 [  18   55  248    1    1    0    0]
 [ 443   93    3  987   46    2    4]
 [ 105   63    2   61   81    1    3]
 [  28    2    1    5    3  164    4]
 [  31    7    1   20    4    2  171]]
Macro Precision/Recall/F-score:  (0.730545915125788, 0.6840939200053179, 0.7049971969134345, None)
Accuracy:  0.7778757717021545
Confusion Metric: 
 [[2797  290    6  376   41   12   22]
 [ 173 1483   20   32   16    4    5]
 [  13   57  251    1    0    1    0]
 [ 274   49    0 1243   10    1    1]
 [ 133   64    2   62   51    1    3]
 [  15    1    0    2    0  186    3]
 [  23    6    0   44    0    0  163]]
Macro Precision/Recall/F-score:  (0.7641805260995407, 0.7086256491001913, 0.7253058423653665, None)

epoch 14/30
ex_result
Accuracy:  0.7448658183192642
Confusion Metric: 
 [[2837  256    9  338   76    8   20]
 [ 181 1424   29   52   40    2    5]
 [  18   55  248    1    1    0    0]
 [ 443   93    3  987   46    2    4]
 [ 105   63    2   61   81    1    3]
 [  28    2    1    5    3  164    4]
 [  31    7    1   20    4    2  171]]
Macro Precision/Recall/F-score:  (0.730545915125788, 0.6840939200053179, 0.7049971969134345, None)
Accuracy:  0.7844273655033388
Confusion Metric: 
 [[2892  274    7  269   64   11   27]
 [ 172 1482   21   22   24    4    8]
 [  11   53  257    0    1    1    0]
 [ 330   48    1 1146   49    1    3]
 [ 130   60    1   36   85    1    3]
 [  14    1    0    1    1  186    4]
 [  20    7    0   26    5    0  178]]
Macro Precision/Recall/F-score:  (0.7601145068348245, 0.7306954676291658, 0.7433336279528628, None)

epoch 15/30
ex_result
Accuracy:  0.7448658183192642
Confusion Metric: 
 [[2837  256    9  338   76    8   20]
 [ 181 1424   29   52   40    2    5]
 [  18   55  248    1    1    0    0]
 [ 443   93    3  987   46    2    4]
 [ 105   63    2   61   81    1    3]
 [  28    2    1    5    3  164    4]
 [  31    7    1   20    4    2  171]]
Macro Precision/Recall/F-score:  (0.730545915125788, 0.6840939200053179, 0.7049971969134345, None)
Accuracy:  0.7676704044349251
Confusion Metric: 
 [[2625  267    5  562   40   12   33]
 [ 168 1461   23   48   18    4   11]
 [  12   54  255    1    0    1    0]
 [ 189   41    0 1332   12    2    2]
 [ 111   61    2   80   54    1    7]
 [  15    1    0    3    1  183    4]
 [  11    7    0   34    0    1  183]]
Macro Precision/Recall/F-score:  (0.7490695185036104, 0.7210975930297955, 0.7239983654746106, None)

epoch 16/30
ex_result
Accuracy:  0.7448658183192642
Confusion Metric: 
 [[2837  256    9  338   76    8   20]
 [ 181 1424   29   52   40    2    5]
 [  18   55  248    1    1    0    0]
 [ 443   93    3  987   46    2    4]
 [ 105   63    2   61   81    1    3]
 [  28    2    1    5    3  164    4]
 [  31    7    1   20    4    2  171]]
Macro Precision/Recall/F-score:  (0.730545915125788, 0.6840939200053179, 0.7049971969134345, None)
Accuracy:  0.7766158498173114
Confusion Metric: 
 [[2890  200    3  388   35    7   21]
 [ 255 1382   18   48   20    4    6]
 [  14   55  250    1    2    1    0]
 [ 284   26    0 1247   19    1    1]
 [ 141   49    2   64   56    1    3]
 [  23    1    0    4    2  173    4]
 [  27    4    0   37    2    0  166]]
Macro Precision/Recall/F-score:  (0.7679595123943651, 0.699073176572517, 0.7245325947619289, None)

epoch 17/30
ex_result
Accuracy:  0.7448658183192642
Confusion Metric: 
 [[2837  256    9  338   76    8   20]
 [ 181 1424   29   52   40    2    5]
 [  18   55  248    1    1    0    0]
 [ 443   93    3  987   46    2    4]
 [ 105   63    2   61   81    1    3]
 [  28    2    1    5    3  164    4]
 [  31    7    1   20    4    2  171]]
Macro Precision/Recall/F-score:  (0.730545915125788, 0.6840939200053179, 0.7049971969134345, None)
Accuracy:  0.7871991936499937
Confusion Metric: 
 [[2961  255    6  236   48   10   28]
 [ 197 1460   24   22   21    4    5]
 [  14   46  262    0    0    1    0]
 [ 361   53    0 1131   28    1    4]
 [ 137   59    2   44   70    1    3]
 [  18    1    0    1    1  182    4]
 [  25    6    0   22    1    0  182]]
Macro Precision/Recall/F-score:  (0.7680128654641163, 0.7253963356752405, 0.741734817475982, None)

epoch 18/30
ex_result
Accuracy:  0.7448658183192642
Confusion Metric: 
 [[2837  256    9  338   76    8   20]
 [ 181 1424   29   52   40    2    5]
 [  18   55  248    1    1    0    0]
 [ 443   93    3  987   46    2    4]
 [ 105   63    2   61   81    1    3]
 [  28    2    1    5    3  164    4]
 [  31    7    1   20    4    2  171]]
Macro Precision/Recall/F-score:  (0.730545915125788, 0.6840939200053179, 0.7049971969134345, None)
Accuracy:  0.7858132795766662
Confusion Metric: 
 [[2884  252    6  319   37   14   32]
 [ 199 1457   19   27   16    4   11]
 [  13   53  255    1    0    1    0]
 [ 297   51    0 1201   23    1    5]
 [ 129   67    1   50   59    1    9]
 [  13    1    0    1    1  187    4]
 [  18    5    0   19    0    0  194]]
Macro Precision/Recall/F-score:  (0.7610909867197571, 0.7310280611976463, 0.7380512424261475, None)

epoch 19/30
ex_result
Accuracy:  0.7448658183192642
Confusion Metric: 
 [[2837  256    9  338   76    8   20]
 [ 181 1424   29   52   40    2    5]
 [  18   55  248    1    1    0    0]
 [ 443   93    3  987   46    2    4]
 [ 105   63    2   61   81    1    3]
 [  28    2    1    5    3  164    4]
 [  31    7    1   20    4    2  171]]
Macro Precision/Recall/F-score:  (0.730545915125788, 0.6840939200053179, 0.7049971969134345, None)
Accuracy:  0.7787577170215446
Confusion Metric: 
 [[2759  289    7  408   39   12   30]
 [ 159 1486   22   36   14    4   12]
 [  11   49  259    2    1    1    0]
 [ 255   48    0 1257   14    2    2]
 [ 127   67    2   57   55    1    7]
 [  15    1    0    0    0  187    4]
 [  18    7    0   33    0    0  178]]
Macro Precision/Recall/F-score:  (0.7567047172012648, 0.7237252225258762, 0.7303603219509656, None)

epoch 20/30
ex_result
Accuracy:  0.7448658183192642
Confusion Metric: 
 [[2837  256    9  338   76    8   20]
 [ 181 1424   29   52   40    2    5]
 [  18   55  248    1    1    0    0]
 [ 443   93    3  987   46    2    4]
 [ 105   63    2   61   81    1    3]
 [  28    2    1    5    3  164    4]
 [  31    7    1   20    4    2  171]]
Macro Precision/Recall/F-score:  (0.730545915125788, 0.6840939200053179, 0.7049971969134345, None)
Accuracy:  0.7836714123724329
Confusion Metric: 
 [[2901  215    3  345   40   11   29]
 [ 231 1413   21   36   23    4    5]
 [  14   50  255    2    1    1    0]
 [ 293   35    0 1224   23    1    2]
 [ 136   51    1   59   63    1    5]
 [  16    1    0    1    0  185    4]
 [  25    4    0   27    1    0  179]]
Macro Precision/Recall/F-score:  (0.7659920366592431, 0.7215166074444984, 0.7373924600886373, None)

epoch 21/30
ex_result
Accuracy:  0.7448658183192642
Confusion Metric: 
 [[2837  256    9  338   76    8   20]
 [ 181 1424   29   52   40    2    5]
 [  18   55  248    1    1    0    0]
 [ 443   93    3  987   46    2    4]
 [ 105   63    2   61   81    1    3]
 [  28    2    1    5    3  164    4]
 [  31    7    1   20    4    2  171]]
Macro Precision/Recall/F-score:  (0.730545915125788, 0.6840939200053179, 0.7049971969134345, None)
Accuracy:  0.7848053420687917
Confusion Metric: 
 [[2833  297    4  328   43   10   29]
 [ 156 1501   19   30   18    4    5]
 [  10   57  254    1    0    1    0]
 [ 293   52    0 1212   16    1    4]
 [ 123   70    2   60   52    1    8]
 [  17    1    0    0    1  183    5]
 [  18    7    0   17    0    0  194]]
Macro Precision/Recall/F-score:  (0.7614283711507644, 0.7272278158412513, 0.7359849439635971, None)

epoch 22/30
ex_result
Accuracy:  0.7448658183192642
Confusion Metric: 
 [[2837  256    9  338   76    8   20]
 [ 181 1424   29   52   40    2    5]
 [  18   55  248    1    1    0    0]
 [ 443   93    3  987   46    2    4]
 [ 105   63    2   61   81    1    3]
 [  28    2    1    5    3  164    4]
 [  31    7    1   20    4    2  171]]
Macro Precision/Recall/F-score:  (0.730545915125788, 0.6840939200053179, 0.7049971969134345, None)
Accuracy:  0.7859392717651505
Confusion Metric: 
 [[2886  258    4  314   34   15   33]
 [ 197 1450   24   32   16    4   10]
 [  13   50  256    2    1    1    0]
 [ 303   45    0 1206   16    2    6]
 [ 133   65    2   55   53    1    7]
 [   9    1    0    0    0  193    4]
 [  16    5    0   21    0    0  194]]
Macro Precision/Recall/F-score:  (0.7598643988838614, 0.7328548903811453, 0.7367019814985107, None)

epoch 23/30
ex_result
Accuracy:  0.7448658183192642
Confusion Metric: 
 [[2837  256    9  338   76    8   20]
 [ 181 1424   29   52   40    2    5]
 [  18   55  248    1    1    0    0]
 [ 443   93    3  987   46    2    4]
 [ 105   63    2   61   81    1    3]
 [  28    2    1    5    3  164    4]
 [  31    7    1   20    4    2  171]]
Macro Precision/Recall/F-score:  (0.730545915125788, 0.6840939200053179, 0.7049971969134345, None)
Accuracy:  0.7900970139851329
Confusion Metric: 
 [[2973  251    6  246   29   13   26]
 [ 203 1454   27   24   17    4    4]
 [  15   45  262    0    0    1    0]
 [ 348   51    0 1154   20    2    3]
 [ 149   63    2   45   52    1    4]
 [  15    1    0    0    0  187    4]
 [  27    5    0   15    0    0  189]]
Macro Precision/Recall/F-score:  (0.7708327882663584, 0.727018163269971, 0.7393498712907843, None)

epoch 24/30
ex_result
Accuracy:  0.7448658183192642
Confusion Metric: 
 [[2837  256    9  338   76    8   20]
 [ 181 1424   29   52   40    2    5]
 [  18   55  248    1    1    0    0]
 [ 443   93    3  987   46    2    4]
 [ 105   63    2   61   81    1    3]
 [  28    2    1    5    3  164    4]
 [  31    7    1   20    4    2  171]]
Macro Precision/Recall/F-score:  (0.730545915125788, 0.6840939200053179, 0.7049971969134345, None)
Accuracy:  0.7874511780269623
Confusion Metric: 
 [[2898  284    6  276   33   13   34]
 [ 168 1482   32   22   16    3   10]
 [  13   42  266    1    0    1    0]
 [ 328   53    1 1166   23    2    5]
 [ 135   68    2   49   54    1    7]
 [  13    1    0    0    1  188    4]
 [  19    7    0   14    0    0  196]]
Macro Precision/Recall/F-score:  (0.7571661965092705, 0.7349901543353388, 0.7376738324704167, None)

epoch 25/30
ex_result
Accuracy:  0.7448658183192642
Confusion Metric: 
 [[2837  256    9  338   76    8   20]
 [ 181 1424   29   52   40    2    5]
 [  18   55  248    1    1    0    0]
 [ 443   93    3  987   46    2    4]
 [ 105   63    2   61   81    1    3]
 [  28    2    1    5    3  164    4]
 [  31    7    1   20    4    2  171]]
Macro Precision/Recall/F-score:  (0.730545915125788, 0.6840939200053179, 0.7049971969134345, None)
Accuracy:  0.7861912561421192
Confusion Metric: 
 [[3082  222    5  155   44   11   25]
 [ 229 1439   24   13   21    3    4]
 [  15   48  258    0    1    1    0]
 [ 472   54    1 1013   33    1    4]
 [ 148   58    2   30   74    1    3]
 [  16    1    0    0    0  189    1]
 [  27    6    0   14    4    0  185]]
Macro Precision/Recall/F-score:  (0.7779008497369678, 0.7245461804520705, 0.7449060583070066, None)

epoch 26/30
ex_result
Accuracy:  0.7448658183192642
Confusion Metric: 
 [[2837  256    9  338   76    8   20]
 [ 181 1424   29   52   40    2    5]
 [  18   55  248    1    1    0    0]
 [ 443   93    3  987   46    2    4]
 [ 105   63    2   61   81    1    3]
 [  28    2    1    5    3  164    4]
 [  31    7    1   20    4    2  171]]
Macro Precision/Recall/F-score:  (0.730545915125788, 0.6840939200053179, 0.7049971969134345, None)
Accuracy:  0.7904749905505859
Confusion Metric: 
 [[2984  250    5  221   38   15   31]
 [ 202 1468   20   17   15    4    7]
 [  15   50  257    0    0    1    0]
 [ 371   57    0 1117   28    2    3]
 [ 144   63    2   37   63    1    6]
 [  10    1    0    0    0  193    3]
 [  23    7    0   13    0    1  192]]
Macro Precision/Recall/F-score:  (0.7700634159050198, 0.7339842396131068, 0.7443846990045213, None)

epoch 27/30
ex_result
Accuracy:  0.7448658183192642
Confusion Metric: 
 [[2837  256    9  338   76    8   20]
 [ 181 1424   29   52   40    2    5]
 [  18   55  248    1    1    0    0]
 [ 443   93    3  987   46    2    4]
 [ 105   63    2   61   81    1    3]
 [  28    2    1    5    3  164    4]
 [  31    7    1   20    4    2  171]]
Macro Precision/Recall/F-score:  (0.730545915125788, 0.6840939200053179, 0.7049971969134345, None)
Accuracy:  0.7826634748645585
Confusion Metric: 
 [[2807  287    6  370   35   13   26]
 [ 166 1483   22   39   16    4    3]
 [  12   53  256    1    0    1    0]
 [ 273   46    0 1244   12    2    1]
 [ 128   65    2   66   48    1    6]
 [  11    1    0    0    1  191    3]
 [  19    6    0   28    0    0  183]]
Macro Precision/Recall/F-score:  (0.7637678559037681, 0.7255316407214949, 0.733970301065526, None)

epoch 28/30
ex_result
Accuracy:  0.7448658183192642
Confusion Metric: 
 [[2837  256    9  338   76    8   20]
 [ 181 1424   29   52   40    2    5]
 [  18   55  248    1    1    0    0]
 [ 443   93    3  987   46    2    4]
 [ 105   63    2   61   81    1    3]
 [  28    2    1    5    3  164    4]
 [  31    7    1   20    4    2  171]]
Macro Precision/Recall/F-score:  (0.730545915125788, 0.6840939200053179, 0.7049971969134345, None)
Accuracy:  0.7878291545924153
Confusion Metric: 
 [[2978  263    6  229   27   13   28]
 [ 208 1462   27   15   14    3    4]
 [  14   47  261    0    0    1    0]
 [ 378   54    1 1119   21    2    3]
 [ 152   63    2   44   50    1    4]
 [  13    1    0    0    1  189    3]
 [  23    6    0   13    0    0  194]]
Macro Precision/Recall/F-score:  (0.7710700735956568, 0.7277710661547665, 0.7389610021213028, None)

epoch 29/30
ex_result
Accuracy:  0.7448658183192642
Confusion Metric: 
 [[2837  256    9  338   76    8   20]
 [ 181 1424   29   52   40    2    5]
 [  18   55  248    1    1    0    0]
 [ 443   93    3  987   46    2    4]
 [ 105   63    2   61   81    1    3]
 [  28    2    1    5    3  164    4]
 [  31    7    1   20    4    2  171]]
Macro Precision/Recall/F-score:  (0.730545915125788, 0.6840939200053179, 0.7049971969134345, None)
Accuracy:  0.7836714123724329
Confusion Metric: 
 [[2870  232    4  358   36   12   32]
 [ 211 1438   25   36   18    3    2]
 [  14   48  258    1    1    1    0]
 [ 292   44    0 1224   15    2    1]
 [ 140   57    2   55   55    1    6]
 [  14    1    0    0    0  189    3]
 [  19    6    0   25    0    0  186]]
Macro Precision/Recall/F-score:  (0.7663143296348567, 0.727035869050609, 0.7378299101027006, None)

best_epoch:  25 0.7449060583070066 0.7861912561421192


time= 1231
use 343 from author
Loading Data...
len(test_X):  981
len(train_X):  3803
MyModel

epoch 0/30
ex_result
Accuracy:  0.7536852715131662
Confusion Metric: 
 [[2922  266    6  268   50   14   18]
 [ 191 1446   25   39   19    5    8]
 [  11   57  250    2    2    1    0]
 [ 470  126    3  934   32    4    9]
 [ 100   76    1   58   75    2    4]
 [  20    2    0    2    0  179    4]
 [  28    5    0   15    5    7  176]]
Macro Precision/Recall/F-score:  (0.736511201536708, 0.6960863409144636, 0.7110614083083459, None)
Accuracy:  0.7695602872621897
Confusion Metric: 
 [[3029  267    4  213    0   13   18]
 [ 209 1466   21   29    1    4    3]
 [  13   58  251    0    0    1    0]
 [ 478   68    1 1024    1    2    4]
 [ 179   84    1   46    2    1    3]
 [  30    1    0    1    0  174    1]
 [  46    4    0   23    0    1  162]]
Macro Precision/Recall/F-score:  (0.7740179006841991, 0.665711122165281, 0.682020859164436, None)

epoch 1/30
ex_result
Accuracy:  0.7536852715131662
Confusion Metric: 
 [[2922  266    6  268   50   14   18]
 [ 191 1446   25   39   19    5    8]
 [  11   57  250    2    2    1    0]
 [ 470  126    3  934   32    4    9]
 [ 100   76    1   58   75    2    4]
 [  20    2    0    2    0  179    4]
 [  28    5    0   15    5    7  176]]
Macro Precision/Recall/F-score:  (0.736511201536708, 0.6960863409144636, 0.7110614083083459, None)
Accuracy:  0.7781277560791231
Confusion Metric: 
 [[3037  262    5  192   10   15   23]
 [ 204 1466   22   26    3    5    7]
 [  13   54  254    0    0    2    0]
 [ 472   64    1 1017   13    3    8]
 [ 154   78    1   42   35    1    5]
 [  18    1    0    1    0  182    5]
 [  33    4    0   12    1    1  185]]
Macro Precision/Recall/F-score:  (0.7782536790795992, 0.7010889245895763, 0.7156881778365721, None)

epoch 2/30
ex_result
Accuracy:  0.7536852715131662
Confusion Metric: 
 [[2922  266    6  268   50   14   18]
 [ 191 1446   25   39   19    5    8]
 [  11   57  250    2    2    1    0]
 [ 470  126    3  934   32    4    9]
 [ 100   76    1   58   75    2    4]
 [  20    2    0    2    0  179    4]
 [  28    5    0   15    5    7  176]]
Macro Precision/Recall/F-score:  (0.736511201536708, 0.6960863409144636, 0.7110614083083459, None)
Accuracy:  0.7798916467179035
Confusion Metric: 
 [[3046  232    5  214   12   15   20]
 [ 236 1424   20   38    3    5    7]
 [  15   54  252    0    0    2    0]
 [ 451   47    1 1062    9    2    6]
 [ 160   66    1   46   37    1    5]
 [  14    1    0    2    0  186    4]
 [  31    3    0   17    1    1  183]]
Macro Precision/Recall/F-score:  (0.7872555607360552, 0.7036328449392696, 0.7208025972649639, None)

epoch 3/30
ex_result
Accuracy:  0.7536852715131662
Confusion Metric: 
 [[2922  266    6  268   50   14   18]
 [ 191 1446   25   39   19    5    8]
 [  11   57  250    2    2    1    0]
 [ 470  126    3  934   32    4    9]
 [ 100   76    1   58   75    2    4]
 [  20    2    0    2    0  179    4]
 [  28    5    0   15    5    7  176]]
Macro Precision/Recall/F-score:  (0.736511201536708, 0.6960863409144636, 0.7110614083083459, None)
Accuracy:  0.7810255764142623
Confusion Metric: 
 [[3108  253    5  136   10   13   19]
 [ 220 1457   18   25    1    5    7]
 [  12   55  254    0    0    2    0]
 [ 520   61    1  977   14    2    3]
 [ 160   71    1   42   37    1    4]
 [  18    1    0    1    0  186    1]
 [  38    3    0   13    1    1  180]]
Macro Precision/Recall/F-score:  (0.7959629390597488, 0.7002258325788518, 0.721959466265246, None)

epoch 4/30
ex_result
Accuracy:  0.7536852715131662
Confusion Metric: 
 [[2922  266    6  268   50   14   18]
 [ 191 1446   25   39   19    5    8]
 [  11   57  250    2    2    1    0]
 [ 470  126    3  934   32    4    9]
 [ 100   76    1   58   75    2    4]
 [  20    2    0    2    0  179    4]
 [  28    5    0   15    5    7  176]]
Macro Precision/Recall/F-score:  (0.736511201536708, 0.6960863409144636, 0.7110614083083459, None)
Accuracy:  0.7792616857754819
Confusion Metric: 
 [[3000  266    4  204   25   17   28]
 [ 200 1459   18   34    8    5    9]
 [  13   61  248    0    0    1    0]
 [ 446   52    1 1049   21    2    7]
 [ 147   64    1   47   49    1    7]
 [  11    1    0    1    0  190    4]
 [  30    3    0   11    1    1  190]]
Macro Precision/Recall/F-score:  (0.7655224116268068, 0.7141405167057734, 0.7263387174058623, None)

epoch 5/30
ex_result
Accuracy:  0.7536852715131662
Confusion Metric: 
 [[2922  266    6  268   50   14   18]
 [ 191 1446   25   39   19    5    8]
 [  11   57  250    2    2    1    0]
 [ 470  126    3  934   32    4    9]
 [ 100   76    1   58   75    2    4]
 [  20    2    0    2    0  179    4]
 [  28    5    0   15    5    7  176]]
Macro Precision/Recall/F-score:  (0.736511201536708, 0.6960863409144636, 0.7110614083083459, None)
Accuracy:  0.7817815295451682
Confusion Metric: 
 [[3038  283    5  160   18   16   24]
 [ 189 1482   20   25    4    5    8]
 [   9   57  256    0    0    1    0]
 [ 477   66    1 1007   19    2    6]
 [ 151   75    1   42   42    1    4]
 [  10    1    0    1    0  191    4]
 [  31    3    0   11    1    1  189]]
Macro Precision/Recall/F-score:  (0.7755182943903789, 0.7142244729836957, 0.7269013568615386, None)

epoch 6/30
ex_result
Accuracy:  0.7536852715131662
Confusion Metric: 
 [[2922  266    6  268   50   14   18]
 [ 191 1446   25   39   19    5    8]
 [  11   57  250    2    2    1    0]
 [ 470  126    3  934   32    4    9]
 [ 100   76    1   58   75    2    4]
 [  20    2    0    2    0  179    4]
 [  28    5    0   15    5    7  176]]
Macro Precision/Recall/F-score:  (0.736511201536708, 0.6960863409144636, 0.7110614083083459, None)
Accuracy:  0.7821595061106211
Confusion Metric: 
 [[2984  259    5  231   27   17   21]
 [ 192 1459   24   33   12    5    8]
 [  10   52  260    0    0    1    0]
 [ 413   46    1 1095   19    2    2]
 [ 150   68    1   43   49    1    4]
 [  11    1    0    1    0  190    4]
 [  30    3    0   28    3    1  171]]
Macro Precision/Recall/F-score:  (0.7648709663553287, 0.711466142327417, 0.7267729337271585, None)

epoch 7/30
ex_result
Accuracy:  0.7536852715131662
Confusion Metric: 
 [[2922  266    6  268   50   14   18]
 [ 191 1446   25   39   19    5    8]
 [  11   57  250    2    2    1    0]
 [ 470  126    3  934   32    4    9]
 [ 100   76    1   58   75    2    4]
 [  20    2    0    2    0  179    4]
 [  28    5    0   15    5    7  176]]
Macro Precision/Recall/F-score:  (0.736511201536708, 0.6960863409144636, 0.7110614083083459, None)
Accuracy:  0.7827894670530428
Confusion Metric: 
 [[3003  282    4  201   17   14   23]
 [ 190 1476   20   27    6    5    9]
 [  11   56  255    0    0    1    0]
 [ 425   61    1 1071   15    2    3]
 [ 152   74    1   45   39    1    4]
 [  12    1    0    1    0  189    4]
 [  30    3    0   21    1    1  180]]
Macro Precision/Recall/F-score:  (0.7753260383122661, 0.7094862647087684, 0.7243372898913201, None)

epoch 8/30
ex_result
Accuracy:  0.7536852715131662
Confusion Metric: 
 [[2922  266    6  268   50   14   18]
 [ 191 1446   25   39   19    5    8]
 [  11   57  250    2    2    1    0]
 [ 470  126    3  934   32    4    9]
 [ 100   76    1   58   75    2    4]
 [  20    2    0    2    0  179    4]
 [  28    5    0   15    5    7  176]]
Macro Precision/Recall/F-score:  (0.736511201536708, 0.6960863409144636, 0.7110614083083459, None)
Accuracy:  0.7864432405190879
Confusion Metric: 
 [[3085  217    5  169   27   17   24]
 [ 242 1410   25   31   10    5   10]
 [  13   47  262    0    0    1    0]
 [ 450   45    1 1050   24    2    6]
 [ 162   59    1   33   56    1    4]
 [  10    1    0    1    0  191    4]
 [  32    3    0   11    1    1  188]]
Macro Precision/Recall/F-score:  (0.7732792724614009, 0.7224541077900312, 0.7363582293975085, None)

epoch 9/30
ex_result
Accuracy:  0.7536852715131662
Confusion Metric: 
 [[2922  266    6  268   50   14   18]
 [ 191 1446   25   39   19    5    8]
 [  11   57  250    2    2    1    0]
 [ 470  126    3  934   32    4    9]
 [ 100   76    1   58   75    2    4]
 [  20    2    0    2    0  179    4]
 [  28    5    0   15    5    7  176]]
Macro Precision/Recall/F-score:  (0.736511201536708, 0.6960863409144636, 0.7110614083083459, None)
Accuracy:  0.7856872873881819
Confusion Metric: 
 [[3118  216    4  141   31   15   19]
 [ 254 1403   22   27   14    5    8]
 [  16   49  257    0    0    1    0]
 [ 486   42    1 1022   21    2    4]
 [ 165   55    1   32   60    1    2]
 [   9    1    0    1    0  192    4]
 [  33    3    0   12    3    1  184]]
Macro Precision/Recall/F-score:  (0.7812721020481809, 0.7185381665612107, 0.7388126492419252, None)

epoch 10/30
ex_result
Accuracy:  0.7536852715131662
Confusion Metric: 
 [[2922  266    6  268   50   14   18]
 [ 191 1446   25   39   19    5    8]
 [  11   57  250    2    2    1    0]
 [ 470  126    3  934   32    4    9]
 [ 100   76    1   58   75    2    4]
 [  20    2    0    2    0  179    4]
 [  28    5    0   15    5    7  176]]
Macro Precision/Recall/F-score:  (0.736511201536708, 0.6960863409144636, 0.7110614083083459, None)
Accuracy:  0.7846793498803074
Confusion Metric: 
 [[3008  249    5  221   19   17   25]
 [ 212 1439   23   35    9    5   10]
 [  15   44  263    0    0    1    0]
 [ 402   51    1 1093   23    2    6]
 [ 156   63    1   45   46    1    4]
 [  10    1    0    1    0  191    4]
 [  31    3    0   12    1    1  188]]
Macro Precision/Recall/F-score:  (0.7679459415305142, 0.7215551383268786, 0.731547257860684, None)

epoch 11/30
ex_result
Accuracy:  0.7536852715131662
Confusion Metric: 
 [[2922  266    6  268   50   14   18]
 [ 191 1446   25   39   19    5    8]
 [  11   57  250    2    2    1    0]
 [ 470  126    3  934   32    4    9]
 [ 100   76    1   58   75    2    4]
 [  20    2    0    2    0  179    4]
 [  28    5    0   15    5    7  176]]
Macro Precision/Recall/F-score:  (0.736511201536708, 0.6960863409144636, 0.7110614083083459, None)
Accuracy:  0.7868212170845408
Confusion Metric: 
 [[3114  217    4  160   13   14   22]
 [ 241 1426   20   24    7    5   10]
 [  15   50  257    0    0    1    0]
 [ 470   53    1 1033   16    2    3]
 [ 162   62    1   41   46    1    3]
 [  11    1    0    1    0  190    4]
 [  33    3    0   19    1    1  179]]
Macro Precision/Recall/F-score:  (0.7892954653711947, 0.7105327222961682, 0.7304571434044594, None)

epoch 12/30
ex_result
Accuracy:  0.7536852715131662
Confusion Metric: 
 [[2922  266    6  268   50   14   18]
 [ 191 1446   25   39   19    5    8]
 [  11   57  250    2    2    1    0]
 [ 470  126    3  934   32    4    9]
 [ 100   76    1   58   75    2    4]
 [  20    2    0    2    0  179    4]
 [  28    5    0   15    5    7  176]]
Macro Precision/Recall/F-score:  (0.736511201536708, 0.6960863409144636, 0.7110614083083459, None)
Accuracy:  0.787325185838478
Confusion Metric: 
 [[3032  262    6  174   22   18   30]
 [ 203 1459   22   27    7    5   10]
 [  11   47  264    0    0    1    0]
 [ 437   53    1 1063   15    2    7]
 [ 149   68    1   42   48    1    7]
 [   8    1    0    1    0  193    4]
 [  27    3    0   14    1    1  190]]
Macro Precision/Recall/F-score:  (0.7732883503799314, 0.7253926789356843, 0.7334012285390511, None)

epoch 13/30
ex_result
Accuracy:  0.7536852715131662
Confusion Metric: 
 [[2922  266    6  268   50   14   18]
 [ 191 1446   25   39   19    5    8]
 [  11   57  250    2    2    1    0]
 [ 470  126    3  934   32    4    9]
 [ 100   76    1   58   75    2    4]
 [  20    2    0    2    0  179    4]
 [  28    5    0   15    5    7  176]]
Macro Precision/Recall/F-score:  (0.736511201536708, 0.6960863409144636, 0.7110614083083459, None)
Accuracy:  0.7863172483306035
Confusion Metric: 
 [[3067  227    4  184   31   14   17]
 [ 225 1437   22   27    9    5    8]
 [  15   47  260    0    0    1    0]
 [ 449   45    1 1058   22    2    1]
 [ 162   57    1   35   58    1    2]
 [  12    1    0    1    0  190    3]
 [  36    3    0   24    1    1  171]]
Macro Precision/Recall/F-score:  (0.7823966192035272, 0.7137173889636255, 0.7363140099836124, None)

epoch 14/30
ex_result
Accuracy:  0.7536852715131662
Confusion Metric: 
 [[2922  266    6  268   50   14   18]
 [ 191 1446   25   39   19    5    8]
 [  11   57  250    2    2    1    0]
 [ 470  126    3  934   32    4    9]
 [ 100   76    1   58   75    2    4]
 [  20    2    0    2    0  179    4]
 [  28    5    0   15    5    7  176]]
Macro Precision/Recall/F-score:  (0.736511201536708, 0.6960863409144636, 0.7110614083083459, None)
Accuracy:  0.7892150686657428
Confusion Metric: 
 [[3042  222    4  212   26   15   23]
 [ 224 1434   21   30   12    5    7]
 [  13   49  260    0    0    1    0]
 [ 413   44    1 1091   24    2    3]
 [ 153   60    1   43   56    1    2]
 [   7    1    0    1    0  195    3]
 [  32    3    0   13    1    1  186]]
Macro Precision/Recall/F-score:  (0.7788988353722169, 0.7270762556497805, 0.7421445332051375, None)

epoch 15/30
ex_result
Accuracy:  0.7536852715131662
Confusion Metric: 
 [[2922  266    6  268   50   14   18]
 [ 191 1446   25   39   19    5    8]
 [  11   57  250    2    2    1    0]
 [ 470  126    3  934   32    4    9]
 [ 100   76    1   58   75    2    4]
 [  20    2    0    2    0  179    4]
 [  28    5    0   15    5    7  176]]
Macro Precision/Recall/F-score:  (0.736511201536708, 0.6960863409144636, 0.7110614083083459, None)
Accuracy:  0.7870732014615094
Confusion Metric: 
 [[3042  218    4  223   16   14   27]
 [ 241 1417   21   34    5    5   10]
 [  14   51  257    0    0    1    0]
 [ 404   41    1 1111   17    2    2]
 [ 163   60    1   44   42    1    5]
 [   7    1    0    1    0  193    5]
 [  30    3    0   16    1    1  185]]
Macro Precision/Recall/F-score:  (0.7788417474668072, 0.7178439478519122, 0.7309029670835345, None)

epoch 16/30
ex_result
Accuracy:  0.7536852715131662
Confusion Metric: 
 [[2922  266    6  268   50   14   18]
 [ 191 1446   25   39   19    5    8]
 [  11   57  250    2    2    1    0]
 [ 470  126    3  934   32    4    9]
 [ 100   76    1   58   75    2    4]
 [  20    2    0    2    0  179    4]
 [  28    5    0   15    5    7  176]]
Macro Precision/Recall/F-score:  (0.736511201536708, 0.6960863409144636, 0.7110614083083459, None)
Accuracy:  0.7900970139851329
Confusion Metric: 
 [[3096  205    6  174   23   16   24]
 [ 240 1417   26   28   10    5    7]
 [  11   45  266    0    0    1    0]
 [ 448   38    1 1066   22    2    1]
 [ 162   55    1   41   54    1    2]
 [   7    1    0    1    0  194    4]
 [  33    3    0   20    1    1  178]]
Macro Precision/Recall/F-score:  (0.7804058129182424, 0.7218051295103691, 0.7383427924995357, None)

epoch 17/30
ex_result
Accuracy:  0.7536852715131662
Confusion Metric: 
 [[2922  266    6  268   50   14   18]
 [ 191 1446   25   39   19    5    8]
 [  11   57  250    2    2    1    0]
 [ 470  126    3  934   32    4    9]
 [ 100   76    1   58   75    2    4]
 [  20    2    0    2    0  179    4]
 [  28    5    0   15    5    7  176]]
Macro Precision/Recall/F-score:  (0.736511201536708, 0.6960863409144636, 0.7110614083083459, None)
Accuracy:  0.7904749905505859
Confusion Metric: 
 [[3084  233    4  172   20   12   19]
 [ 220 1451   18   27    7    4    6]
 [  13   55  254    0    0    1    0]
 [ 433   54    1 1067   20    2    1]
 [ 166   62    1   34   50    1    2]
 [  12    1    0    1    0  189    4]
 [  36    3    0   15    3    0  179]]
Macro Precision/Recall/F-score:  (0.7908051391333765, 0.7142536487541157, 0.7374298693068265, None)

epoch 18/30
ex_result
Accuracy:  0.7536852715131662
Confusion Metric: 
 [[2922  266    6  268   50   14   18]
 [ 191 1446   25   39   19    5    8]
 [  11   57  250    2    2    1    0]
 [ 470  126    3  934   32    4    9]
 [ 100   76    1   58   75    2    4]
 [  20    2    0    2    0  179    4]
 [  28    5    0   15    5    7  176]]
Macro Precision/Recall/F-score:  (0.736511201536708, 0.6960863409144636, 0.7110614083083459, None)
Accuracy:  0.7900970139851329
Confusion Metric: 
 [[3049  240    4  191   26   12   22]
 [ 204 1456   23   29   10    4    7]
 [  10   56  256    0    0    1    0]
 [ 432   42    1 1077   22    2    2]
 [ 155   61    1   39   57    1    2]
 [  10    1    0    1    0  190    5]
 [  34    3    0   10    3    0  186]]
Macro Precision/Recall/F-score:  (0.7831694777742032, 0.7231368263770783, 0.7416699190394087, None)

epoch 19/30
ex_result
Accuracy:  0.7536852715131662
Confusion Metric: 
 [[2922  266    6  268   50   14   18]
 [ 191 1446   25   39   19    5    8]
 [  11   57  250    2    2    1    0]
 [ 470  126    3  934   32    4    9]
 [ 100   76    1   58   75    2    4]
 [  20    2    0    2    0  179    4]
 [  28    5    0   15    5    7  176]]
Macro Precision/Recall/F-score:  (0.736511201536708, 0.6960863409144636, 0.7110614083083459, None)
Accuracy:  0.7888370921002897
Confusion Metric: 
 [[3007  244    4  226   21   17   25]
 [ 202 1462   19   31    8    4    7]
 [   8   60  254    0    0    1    0]
 [ 393   52    1 1109   19    3    1]
 [ 152   64    1   42   53    1    3]
 [   8    1    0    1    0  192    5]
 [  29    4    0   16    2    1  184]]
Macro Precision/Recall/F-score:  (0.7805702789527794, 0.7223121268914857, 0.7374072936353367, None)

epoch 20/30
ex_result
Accuracy:  0.7536852715131662
Confusion Metric: 
 [[2922  266    6  268   50   14   18]
 [ 191 1446   25   39   19    5    8]
 [  11   57  250    2    2    1    0]
 [ 470  126    3  934   32    4    9]
 [ 100   76    1   58   75    2    4]
 [  20    2    0    2    0  179    4]
 [  28    5    0   15    5    7  176]]
Macro Precision/Recall/F-score:  (0.736511201536708, 0.6960863409144636, 0.7110614083083459, None)
Accuracy:  0.7936247952626937
Confusion Metric: 
 [[3109  232    4  157   11   12   19]
 [ 218 1454   19   25    6    5    6]
 [  14   51  257    0    0    1    0]
 [ 451   50    1 1056   16    3    1]
 [ 170   60    1   38   44    1    2]
 [   8    1    0    0    0  195    3]
 [  37    3    0   11    1    0  184]]
Macro Precision/Recall/F-score:  (0.8016868422630191, 0.720294643165526, 0.7401052383707227, None)

epoch 21/30
ex_result
Accuracy:  0.7536852715131662
Confusion Metric: 
 [[2922  266    6  268   50   14   18]
 [ 191 1446   25   39   19    5    8]
 [  11   57  250    2    2    1    0]
 [ 470  126    3  934   32    4    9]
 [ 100   76    1   58   75    2    4]
 [  20    2    0    2    0  179    4]
 [  28    5    0   15    5    7  176]]
Macro Precision/Recall/F-score:  (0.736511201536708, 0.6960863409144636, 0.7110614083083459, None)
Accuracy:  0.7934988030742094
Confusion Metric: 
 [[3063  263    3  155   23   13   24]
 [ 194 1480   18   26    4    3    8]
 [  11   62  249    0    0    1    0]
 [ 427   53    1 1071   22    2    2]
 [ 164   65    1   31   51    1    3]
 [   9    1    0    1    0  193    3]
 [  31    4    0    9    1    0  191]]
Macro Precision/Recall/F-score:  (0.7906945645317686, 0.724424954979286, 0.7423246947990612, None)

epoch 22/30
ex_result
Accuracy:  0.7536852715131662
Confusion Metric: 
 [[2922  266    6  268   50   14   18]
 [ 191 1446   25   39   19    5    8]
 [  11   57  250    2    2    1    0]
 [ 470  126    3  934   32    4    9]
 [ 100   76    1   58   75    2    4]
 [  20    2    0    2    0  179    4]
 [  28    5    0   15    5    7  176]]
Macro Precision/Recall/F-score:  (0.736511201536708, 0.6960863409144636, 0.7110614083083459, None)
Accuracy:  0.7929948343202722
Confusion Metric: 
 [[3048  256    3  177   26   11   23]
 [ 188 1475   18   31    8    5    8]
 [  11   58  253    0    0    1    0]
 [ 426   47    1 1071   26    3    4]
 [ 145   61    1   40   65    1    3]
 [  10    1    0    0    0  193    3]
 [  32    3    0   11    1    0  189]]
Macro Precision/Recall/F-score:  (0.7895651217994368, 0.7302957330160826, 0.7483696286964628, None)

epoch 23/30
ex_result
Accuracy:  0.7536852715131662
Confusion Metric: 
 [[2922  266    6  268   50   14   18]
 [ 191 1446   25   39   19    5    8]
 [  11   57  250    2    2    1    0]
 [ 470  126    3  934   32    4    9]
 [ 100   76    1   58   75    2    4]
 [  20    2    0    2    0  179    4]
 [  28    5    0   15    5    7  176]]
Macro Precision/Recall/F-score:  (0.736511201536708, 0.6960863409144636, 0.7110614083083459, None)
Accuracy:  0.788963084288774
Confusion Metric: 
 [[3044  241    3  201   20   10   25]
 [ 207 1459   19   31    4    4    9]
 [  10   61  251    0    0    1    0]
 [ 427   46    1 1079   19    2    4]
 [ 157   63    1   42   50    1    2]
 [  13    1    0    1    0  188    4]
 [  30    3    0   10    2    0  191]]
Macro Precision/Recall/F-score:  (0.7881366381824739, 0.7196340441024391, 0.7379833406768235, None)

epoch 24/30
ex_result
Accuracy:  0.7536852715131662
Confusion Metric: 
 [[2922  266    6  268   50   14   18]
 [ 191 1446   25   39   19    5    8]
 [  11   57  250    2    2    1    0]
 [ 470  126    3  934   32    4    9]
 [ 100   76    1   58   75    2    4]
 [  20    2    0    2    0  179    4]
 [  28    5    0   15    5    7  176]]
Macro Precision/Recall/F-score:  (0.736511201536708, 0.6960863409144636, 0.7110614083083459, None)
Accuracy:  0.78971903741968
Confusion Metric: 
 [[3048  230    3  198   32   11   22]
 [ 210 1447   22   33   11    4    6]
 [  10   55  257    0    0    1    0]
 [ 423   47    1 1078   25    2    2]
 [ 149   57    1   38   68    1    2]
 [   9    1    0    1    0  192    4]
 [  33    3    0   20    1    1  178]]
Macro Precision/Recall/F-score:  (0.7854718639409622, 0.724397951033082, 0.7453271517734203, None)

epoch 25/30
ex_result
Accuracy:  0.7536852715131662
Confusion Metric: 
 [[2922  266    6  268   50   14   18]
 [ 191 1446   25   39   19    5    8]
 [  11   57  250    2    2    1    0]
 [ 470  126    3  934   32    4    9]
 [ 100   76    1   58   75    2    4]
 [  20    2    0    2    0  179    4]
 [  28    5    0   15    5    7  176]]
Macro Precision/Recall/F-score:  (0.736511201536708, 0.6960863409144636, 0.7110614083083459, None)
Accuracy:  0.7892150686657428
Confusion Metric: 
 [[3076  209    4  198   23   13   21]
 [ 248 1418   19   29    8    5    6]
 [  15   52  255    0    0    1    0]
 [ 429   40    1 1080   23    3    2]
 [ 162   57    0   36   57    1    3]
 [   8    1    0    0    0  193    5]
 [  36    3    0   10    2    0  185]]
Macro Precision/Recall/F-score:  (0.7877345293739796, 0.7223870902895773, 0.7422628519664425, None)

epoch 26/30
ex_result
Accuracy:  0.7536852715131662
Confusion Metric: 
 [[2922  266    6  268   50   14   18]
 [ 191 1446   25   39   19    5    8]
 [  11   57  250    2    2    1    0]
 [ 470  126    3  934   32    4    9]
 [ 100   76    1   58   75    2    4]
 [  20    2    0    2    0  179    4]
 [  28    5    0   15    5    7  176]]
Macro Precision/Recall/F-score:  (0.736511201536708, 0.6960863409144636, 0.7110614083083459, None)
Accuracy:  0.7904749905505859
Confusion Metric: 
 [[3050  236    5  199   14   15   25]
 [ 210 1453   24   28    6    5    7]
 [  14   49  259    0    0    1    0]
 [ 417   52    1 1087   15    3    3]
 [ 168   59    1   44   40    1    3]
 [   7    1    0    0    0  194    5]
 [  32    3    0    9    1    0  191]]
Macro Precision/Recall/F-score:  (0.7833230841318223, 0.7232637935256898, 0.7344166182995169, None)

epoch 27/30
ex_result
Accuracy:  0.7536852715131662
Confusion Metric: 
 [[2922  266    6  268   50   14   18]
 [ 191 1446   25   39   19    5    8]
 [  11   57  250    2    2    1    0]
 [ 470  126    3  934   32    4    9]
 [ 100   76    1   58   75    2    4]
 [  20    2    0    2    0  179    4]
 [  28    5    0   15    5    7  176]]
Macro Precision/Recall/F-score:  (0.736511201536708, 0.6960863409144636, 0.7110614083083459, None)
Accuracy:  0.7914829280584603
Confusion Metric: 
 [[3040  237    4  196   30   14   23]
 [ 214 1448   21   30   10    4    6]
 [  10   54  258    0    0    1    0]
 [ 412   48    1 1094   19    2    2]
 [ 159   53    0   41   60    1    2]
 [   8    1    0    0    0  193    5]
 [  33    3    0    9    2    0  189]]
Macro Precision/Recall/F-score:  (0.7860993342205749, 0.7297807684027012, 0.7467158072267492, None)

epoch 28/30
ex_result
Accuracy:  0.7536852715131662
Confusion Metric: 
 [[2922  266    6  268   50   14   18]
 [ 191 1446   25   39   19    5    8]
 [  11   57  250    2    2    1    0]
 [ 470  126    3  934   32    4    9]
 [ 100   76    1   58   75    2    4]
 [  20    2    0    2    0  179    4]
 [  28    5    0   15    5    7  176]]
Macro Precision/Recall/F-score:  (0.736511201536708, 0.6960863409144636, 0.7110614083083459, None)
Accuracy:  0.7906009827390702
Confusion Metric: 
 [[3019  287    3  181   22   11   21]
 [ 178 1492   18   30    5    4    6]
 [   9   56  257    0    0    1    0]
 [ 417   56    1 1078   19    2    5]
 [ 154   67    0   40   52    1    2]
 [   9    1    0    0    0  191    6]
 [  38    3    0    8    1    0  186]]
Macro Precision/Recall/F-score:  (0.7907358328381601, 0.7238576886901594, 0.7417678705151027, None)

epoch 29/30
ex_result
Accuracy:  0.7536852715131662
Confusion Metric: 
 [[2922  266    6  268   50   14   18]
 [ 191 1446   25   39   19    5    8]
 [  11   57  250    2    2    1    0]
 [ 470  126    3  934   32    4    9]
 [ 100   76    1   58   75    2    4]
 [  20    2    0    2    0  179    4]
 [  28    5    0   15    5    7  176]]
Macro Precision/Recall/F-score:  (0.736511201536708, 0.6960863409144636, 0.7110614083083459, None)
Accuracy:  0.7912309436814917
Confusion Metric: 
 [[3093  223    4  172   18   12   22]
 [ 221 1440   24   34    4    4    6]
 [   9   49  264    0    0    1    0]
 [ 454   40    1 1062   18    2    1]
 [ 168   58    1   43   43    1    2]
 [   8    1    0    1    0  193    4]
 [  36    3    0   11    1    0  185]]
Macro Precision/Recall/F-score:  (0.7898293588535436, 0.720907765180188, 0.7380723771569347, None)

best_epoch:  22 0.7483696286964628 0.7929948343202722


time= 1232
use 343 from author
Loading Data...
len(test_X):  981
len(train_X):  3803
MyModel

epoch 0/30
ex_result
Accuracy:  0.7472596699004662
Confusion Metric: 
 [[2885  251    6  275   84   16   27]
 [ 176 1402   17   74   52    3    9]
 [  13   65  235    5    4    1    0]
 [ 483   82    4  948   50    3    8]
 [ 100   59    1   52   98    1    5]
 [  22    2    0    1    1  177    4]
 [  22    6    1   13    5    3  186]]
Macro Precision/Recall/F-score:  (0.7275447746854103, 0.7006718464207558, 0.7121927711698847, None)
Accuracy:  0.7674184200579564
Confusion Metric: 
 [[2985  251    3  270    2   13   20]
 [ 216 1469   18   26    0    2    2]
 [  20   67  235    0    0    1    0]
 [ 430   63    1 1074    2    2    6]
 [ 167   82    1   53    7    2    4]
 [  36    3    0    2    0  166    0]
 [  36    7    0   36    0    2  155]]
Macro Precision/Recall/F-score:  (0.7882819804232147, 0.6541368723755722, 0.6763520876971905, None)

epoch 1/30
ex_result
Accuracy:  0.7472596699004662
Confusion Metric: 
 [[2885  251    6  275   84   16   27]
 [ 176 1402   17   74   52    3    9]
 [  13   65  235    5    4    1    0]
 [ 483   82    4  948   50    3    8]
 [ 100   59    1   52   98    1    5]
 [  22    2    0    1    1  177    4]
 [  22    6    1   13    5    3  186]]
Macro Precision/Recall/F-score:  (0.7275447746854103, 0.7006718464207558, 0.7121927711698847, None)
Accuracy:  0.7747259669900466
Confusion Metric: 
 [[3046  220    6  200   19   15   38]
 [ 246 1415   30   16   13    5    8]
 [  22   48  252    0    0    1    0]
 [ 472   60    3 1017   15    2    9]
 [ 146   71    1   40   47    1   10]
 [  18    2    0    1    0  182    4]
 [  22    3    1   18    1    1  190]]
Macro Precision/Recall/F-score:  (0.7570775160812323, 0.7048146304250673, 0.7156826652673105, None)

epoch 2/30
ex_result
Accuracy:  0.7472596699004662
Confusion Metric: 
 [[2885  251    6  275   84   16   27]
 [ 176 1402   17   74   52    3    9]
 [  13   65  235    5    4    1    0]
 [ 483   82    4  948   50    3    8]
 [ 100   59    1   52   98    1    5]
 [  22    2    0    1    1  177    4]
 [  22    6    1   13    5    3  186]]
Macro Precision/Recall/F-score:  (0.7275447746854103, 0.7006718464207558, 0.7121927711698847, None)
Accuracy:  0.7740960060476251
Confusion Metric: 
 [[3054  204    8  217   25    9   27]
 [ 258 1406   23   22   10    5    9]
 [  22   50  250    0    0    1    0]
 [ 459   56    3 1031   20    2    7]
 [ 152   64    1   36   56    1    6]
 [  29    1    0    1    0  172    4]
 [  26    4    0   28    2    1  175]]
Macro Precision/Recall/F-score:  (0.7663279053966277, 0.6928655705985803, 0.7169859705112938, None)

epoch 3/30
ex_result
Accuracy:  0.7472596699004662
Confusion Metric: 
 [[2885  251    6  275   84   16   27]
 [ 176 1402   17   74   52    3    9]
 [  13   65  235    5    4    1    0]
 [ 483   82    4  948   50    3    8]
 [ 100   59    1   52   98    1    5]
 [  22    2    0    1    1  177    4]
 [  22    6    1   13    5    3  186]]
Macro Precision/Recall/F-score:  (0.7275447746854103, 0.7006718464207558, 0.7121927711698847, None)
Accuracy:  0.7766158498173114
Confusion Metric: 
 [[3016  267    9  183   27   11   31]
 [ 201 1472   22   17    8    5    8]
 [  18   54  249    0    1    1    0]
 [ 467   73    3 1006   20    2    7]
 [ 146   75    1   34   51    1    8]
 [  19    2    0    1    0  181    4]
 [  24    5    0   16    1    1  189]]
Macro Precision/Recall/F-score:  (0.7630416696589271, 0.7064942270313753, 0.721352771917862, None)

epoch 4/30
ex_result
Accuracy:  0.7472596699004662
Confusion Metric: 
 [[2885  251    6  275   84   16   27]
 [ 176 1402   17   74   52    3    9]
 [  13   65  235    5    4    1    0]
 [ 483   82    4  948   50    3    8]
 [ 100   59    1   52   98    1    5]
 [  22    2    0    1    1  177    4]
 [  22    6    1   13    5    3  186]]
Macro Precision/Recall/F-score:  (0.7275447746854103, 0.7006718464207558, 0.7121927711698847, None)
Accuracy:  0.7776237873251859
Confusion Metric: 
 [[3047  258    8  159   27   15   30]
 [ 210 1462   25   16    8    5    7]
 [  20   51  251    0    0    1    0]
 [ 501   73    3  972   21    2    6]
 [ 152   71    1   29   54    2    7]
 [  10    2    0    1    0  191    3]
 [  26    4    0    9    1    1  195]]
Macro Precision/Recall/F-score:  (0.7676275428908398, 0.7166155278453026, 0.7280369563344422, None)

epoch 5/30
ex_result
Accuracy:  0.7472596699004662
Confusion Metric: 
 [[2885  251    6  275   84   16   27]
 [ 176 1402   17   74   52    3    9]
 [  13   65  235    5    4    1    0]
 [ 483   82    4  948   50    3    8]
 [ 100   59    1   52   98    1    5]
 [  22    2    0    1    1  177    4]
 [  22    6    1   13    5    3  186]]
Macro Precision/Recall/F-score:  (0.7275447746854103, 0.7006718464207558, 0.7121927711698847, None)
Accuracy:  0.778505732644576
Confusion Metric: 
 [[3108  230    8  134   23   12   29]
 [ 236 1441   23   13    5    5   10]
 [  19   50  253    0    0    1    0]
 [ 538   63    4  948   16    2    7]
 [ 166   70    1   26   46    1    6]
 [  13    2    0    1    0  187    4]
 [  23    5    0   10    1    1  196]]
Macro Precision/Recall/F-score:  (0.7746724117708804, 0.710283307931301, 0.7242213702316526, None)

epoch 6/30
ex_result
Accuracy:  0.7472596699004662
Confusion Metric: 
 [[2885  251    6  275   84   16   27]
 [ 176 1402   17   74   52    3    9]
 [  13   65  235    5    4    1    0]
 [ 483   82    4  948   50    3    8]
 [ 100   59    1   52   98    1    5]
 [  22    2    0    1    1  177    4]
 [  22    6    1   13    5    3  186]]
Macro Precision/Recall/F-score:  (0.7275447746854103, 0.7006718464207558, 0.7121927711698847, None)
Accuracy:  0.7822854982991054
Confusion Metric: 
 [[3054  245    8  167   27   12   31]
 [ 218 1451   24   22    5    5    8]
 [  20   50  252    0    0    1    0]
 [ 462   65    3 1016   21    2    9]
 [ 153   69    1   31   53    1    8]
 [  12    2    0    1    0  187    5]
 [  23    5    0   10    1    1  196]]
Macro Precision/Recall/F-score:  (0.7694491894355204, 0.7178092744764457, 0.7295015892387907, None)

epoch 7/30
ex_result
Accuracy:  0.7472596699004662
Confusion Metric: 
 [[2885  251    6  275   84   16   27]
 [ 176 1402   17   74   52    3    9]
 [  13   65  235    5    4    1    0]
 [ 483   82    4  948   50    3    8]
 [ 100   59    1   52   98    1    5]
 [  22    2    0    1    1  177    4]
 [  22    6    1   13    5    3  186]]
Macro Precision/Recall/F-score:  (0.7275447746854103, 0.7006718464207558, 0.7121927711698847, None)
Accuracy:  0.7822854982991054
Confusion Metric: 
 [[3114  220    7  149   19   10   25]
 [ 249 1426   22   21    3    5    7]
 [  26   46  250    0    0    1    0]
 [ 499   57    3 1002   11    2    4]
 [ 168   71    1   29   41    1    5]
 [  11    1    0    1    0  190    4]
 [  29    5    0   15    0    1  186]]
Macro Precision/Recall/F-score:  (0.7874192740478255, 0.7066071915973199, 0.7252443357605544, None)

epoch 8/30
ex_result
Accuracy:  0.7472596699004662
Confusion Metric: 
 [[2885  251    6  275   84   16   27]
 [ 176 1402   17   74   52    3    9]
 [  13   65  235    5    4    1    0]
 [ 483   82    4  948   50    3    8]
 [ 100   59    1   52   98    1    5]
 [  22    2    0    1    1  177    4]
 [  22    6    1   13    5    3  186]]
Macro Precision/Recall/F-score:  (0.7275447746854103, 0.7006718464207558, 0.7121927711698847, None)
Accuracy:  0.7803956154718408
Confusion Metric: 
 [[3058  266    8  147   23   11   31]
 [ 197 1484   19   19    5    4    5]
 [  20   63  239    0    0    1    0]
 [ 486   78    0  985   14    2   13]
 [ 158   73    1   27   46    1   10]
 [  13    2    0    1    0  186    5]
 [  26    5    0    8    0    1  196]]
Macro Precision/Recall/F-score:  (0.7757099926944974, 0.7082800139941767, 0.7225662565588274, None)

epoch 9/30
ex_result
Accuracy:  0.7472596699004662
Confusion Metric: 
 [[2885  251    6  275   84   16   27]
 [ 176 1402   17   74   52    3    9]
 [  13   65  235    5    4    1    0]
 [ 483   82    4  948   50    3    8]
 [ 100   59    1   52   98    1    5]
 [  22    2    0    1    1  177    4]
 [  22    6    1   13    5    3  186]]
Macro Precision/Recall/F-score:  (0.7275447746854103, 0.7006718464207558, 0.7121927711698847, None)
Accuracy:  0.7822854982991054
Confusion Metric: 
 [[3057  207   11  192   34   14   29]
 [ 241 1410   32   23   13    4   10]
 [  20   46  256    0    0    1    0]
 [ 452   55    4 1038   22    3    4]
 [ 148   64    1   28   68    1    6]
 [  16    1    0    1    0  186    3]
 [  24    4    0   12    1    1  194]]
Macro Precision/Recall/F-score:  (0.7675352237164006, 0.7231916408834808, 0.7360246054019663, None)

epoch 10/30
ex_result
Accuracy:  0.7472596699004662
Confusion Metric: 
 [[2885  251    6  275   84   16   27]
 [ 176 1402   17   74   52    3    9]
 [  13   65  235    5    4    1    0]
 [ 483   82    4  948   50    3    8]
 [ 100   59    1   52   98    1    5]
 [  22    2    0    1    1  177    4]
 [  22    6    1   13    5    3  186]]
Macro Precision/Recall/F-score:  (0.7275447746854103, 0.7006718464207558, 0.7121927711698847, None)
Accuracy:  0.7826634748645585
Confusion Metric: 
 [[3118  218    8  136   25    9   30]
 [ 237 1440   23   16    6    4    7]
 [  23   44  255    0    0    1    0]
 [ 508   65    3  969   22    2    9]
 [ 161   68    1   27   51    1    7]
 [  15    1    0    1    0  185    5]
 [  25    5    0   10    1    1  194]]
Macro Precision/Recall/F-score:  (0.7753359852677141, 0.7130591571354871, 0.7289803639760262, None)

epoch 11/30
ex_result
Accuracy:  0.7472596699004662
Confusion Metric: 
 [[2885  251    6  275   84   16   27]
 [ 176 1402   17   74   52    3    9]
 [  13   65  235    5    4    1    0]
 [ 483   82    4  948   50    3    8]
 [ 100   59    1   52   98    1    5]
 [  22    2    0    1    1  177    4]
 [  22    6    1   13    5    3  186]]
Macro Precision/Recall/F-score:  (0.7275447746854103, 0.7006718464207558, 0.7121927711698847, None)
Accuracy:  0.784931334257276
Confusion Metric: 
 [[3051  225    8  187   33    9   31]
 [ 216 1441   27   23   13    5    8]
 [  20   52  250    0    0    1    0]
 [ 445   58    2 1048   20    2    3]
 [ 146   66    1   32   64    1    6]
 [  14    1    0    1    0  188    3]
 [  23    5    0   18    1    1  188]]
Macro Precision/Recall/F-score:  (0.7730160022950783, 0.7196968146615635, 0.7361948569403529, None)

epoch 12/30
ex_result
Accuracy:  0.7472596699004662
Confusion Metric: 
 [[2885  251    6  275   84   16   27]
 [ 176 1402   17   74   52    3    9]
 [  13   65  235    5    4    1    0]
 [ 483   82    4  948   50    3    8]
 [ 100   59    1   52   98    1    5]
 [  22    2    0    1    1  177    4]
 [  22    6    1   13    5    3  186]]
Macro Precision/Recall/F-score:  (0.7275447746854103, 0.7006718464207558, 0.7121927711698847, None)
Accuracy:  0.7826634748645585
Confusion Metric: 
 [[3111  216    7  154   23    9   24]
 [ 246 1421   28   21    4    5    8]
 [  22   46  254    0    0    1    0]
 [ 487   58    3 1007   16    2    5]
 [ 167   67    1   30   47    1    3]
 [  14    2    0    1    0  187    3]
 [  28    6    0   17    0    0  185]]
Macro Precision/Recall/F-score:  (0.7824769724993839, 0.7083326340824344, 0.7280073182219923, None)

epoch 13/30
ex_result
Accuracy:  0.7472596699004662
Confusion Metric: 
 [[2885  251    6  275   84   16   27]
 [ 176 1402   17   74   52    3    9]
 [  13   65  235    5    4    1    0]
 [ 483   82    4  948   50    3    8]
 [ 100   59    1   52   98    1    5]
 [  22    2    0    1    1  177    4]
 [  22    6    1   13    5    3  186]]
Macro Precision/Recall/F-score:  (0.7275447746854103, 0.7006718464207558, 0.7121927711698847, None)
Accuracy:  0.7834194279954643
Confusion Metric: 
 [[3097  213    9  167   28    8   22]
 [ 232 1426   26   25   11    4    9]
 [  20   48  254    0    0    1    0]
 [ 472   62    3 1021   15    2    3]
 [ 157   63    1   31   54    1    9]
 [  16    1    0    1    0  186    3]
 [  29    5    0   22    0    0  180]]
Macro Precision/Recall/F-score:  (0.7777412821509342, 0.7088956857491473, 0.7296581809349882, None)

epoch 14/30
ex_result
Accuracy:  0.7472596699004662
Confusion Metric: 
 [[2885  251    6  275   84   16   27]
 [ 176 1402   17   74   52    3    9]
 [  13   65  235    5    4    1    0]
 [ 483   82    4  948   50    3    8]
 [ 100   59    1   52   98    1    5]
 [  22    2    0    1    1  177    4]
 [  22    6    1   13    5    3  186]]
Macro Precision/Recall/F-score:  (0.7275447746854103, 0.7006718464207558, 0.7121927711698847, None)
Accuracy:  0.7845533576918231
Confusion Metric: 
 [[3068  213    9  189   33    9   23]
 [ 242 1420   31   19   10    4    7]
 [  21   40  261    0    0    1    0]
 [ 444   62    3 1042   20    2    5]
 [ 146   66    1   31   65    1    6]
 [  17    1    0    1    0  184    4]
 [  26    5    0   17    0    1  187]]
Macro Precision/Recall/F-score:  (0.7774899777720553, 0.7200591244184411, 0.7381129882230166, None)

epoch 15/30
ex_result
Accuracy:  0.7472596699004662
Confusion Metric: 
 [[2885  251    6  275   84   16   27]
 [ 176 1402   17   74   52    3    9]
 [  13   65  235    5    4    1    0]
 [ 483   82    4  948   50    3    8]
 [ 100   59    1   52   98    1    5]
 [  22    2    0    1    1  177    4]
 [  22    6    1   13    5    3  186]]
Macro Precision/Recall/F-score:  (0.7275447746854103, 0.7006718464207558, 0.7121927711698847, None)
Accuracy:  0.7805216076603251
Confusion Metric: 
 [[3059  209    9  206   29    8   24]
 [ 236 1428   29   18    9    4    9]
 [  21   47  254    0    0    1    0]
 [ 449   59    2 1046   18    2    2]
 [ 153   64    1   32   60    1    5]
 [  24    1    0    1    0  177    4]
 [  28    4    0   32    1    0  171]]
Macro Precision/Recall/F-score:  (0.7754876830688903, 0.7008454067747507, 0.7257818252428617, None)

epoch 16/30
ex_result
Accuracy:  0.7472596699004662
Confusion Metric: 
 [[2885  251    6  275   84   16   27]
 [ 176 1402   17   74   52    3    9]
 [  13   65  235    5    4    1    0]
 [ 483   82    4  948   50    3    8]
 [ 100   59    1   52   98    1    5]
 [  22    2    0    1    1  177    4]
 [  22    6    1   13    5    3  186]]
Macro Precision/Recall/F-score:  (0.7275447746854103, 0.7006718464207558, 0.7121927711698847, None)
Accuracy:  0.7841753811263702
Confusion Metric: 
 [[3097  225    9  151   28   10   24]
 [ 235 1426   33   16   12    4    7]
 [  19   41  262    0    0    1    0]
 [ 476   62    3 1015   17    2    3]
 [ 159   65    1   25   62    1    3]
 [  13    2    0    1    0  189    2]
 [  29    4    0   30    0    0  173]]
Macro Precision/Recall/F-score:  (0.781549644993114, 0.7133405018718619, 0.7344740864133265, None)

epoch 17/30
ex_result
Accuracy:  0.7472596699004662
Confusion Metric: 
 [[2885  251    6  275   84   16   27]
 [ 176 1402   17   74   52    3    9]
 [  13   65  235    5    4    1    0]
 [ 483   82    4  948   50    3    8]
 [ 100   59    1   52   98    1    5]
 [  22    2    0    1    1  177    4]
 [  22    6    1   13    5    3  186]]
Macro Precision/Recall/F-score:  (0.7275447746854103, 0.7006718464207558, 0.7121927711698847, None)
Accuracy:  0.7841753811263702
Confusion Metric: 
 [[3094  222    5  164   27    7   25]
 [ 230 1430   20   26   13    4   10]
 [  23   60  239    0    0    1    0]
 [ 468   54    3 1034   14    2    3]
 [ 155   61    1   33   57    1    8]
 [  19    2    0    1    0  181    4]
 [  25    6    0   16    0    0  189]]
Macro Precision/Recall/F-score:  (0.7830399464369572, 0.7070006796922818, 0.7307485544621871, None)

epoch 18/30
ex_result
Accuracy:  0.7472596699004662
Confusion Metric: 
 [[2885  251    6  275   84   16   27]
 [ 176 1402   17   74   52    3    9]
 [  13   65  235    5    4    1    0]
 [ 483   82    4  948   50    3    8]
 [ 100   59    1   52   98    1    5]
 [  22    2    0    1    1  177    4]
 [  22    6    1   13    5    3  186]]
Macro Precision/Recall/F-score:  (0.7275447746854103, 0.7006718464207558, 0.7121927711698847, None)
Accuracy:  0.7861912561421192
Confusion Metric: 
 [[3073  218    8  180   29   14   22]
 [ 228 1429   25   28   11    5    7]
 [  23   53  246    0    0    1    0]
 [ 435   55    2 1064   16    3    3]
 [ 160   63    1   31   57    1    3]
 [  10    2    0    1    0  191    3]
 [  27    5    0   23    0    1  180]]
Macro Precision/Recall/F-score:  (0.7783327955067144, 0.7133370049847718, 0.7328913256933127, None)

epoch 19/30
ex_result
Accuracy:  0.7472596699004662
Confusion Metric: 
 [[2885  251    6  275   84   16   27]
 [ 176 1402   17   74   52    3    9]
 [  13   65  235    5    4    1    0]
 [ 483   82    4  948   50    3    8]
 [ 100   59    1   52   98    1    5]
 [  22    2    0    1    1  177    4]
 [  22    6    1   13    5    3  186]]
Macro Precision/Recall/F-score:  (0.7275447746854103, 0.7006718464207558, 0.7121927711698847, None)
Accuracy:  0.7878291545924153
Confusion Metric: 
 [[3108  192    6  172   30   11   25]
 [ 246 1410   25   23   16    5    8]
 [  25   56  241    0    0    1    0]
 [ 454   49    2 1047   20    3    3]
 [ 148   58    1   34   68    1    6]
 [  11    2    0    1    0  189    4]
 [  26    5    0   14    0    1  190]]
Macro Precision/Recall/F-score:  (0.7806964451382458, 0.7190770571461143, 0.7391534225849739, None)

epoch 20/30
ex_result
Accuracy:  0.7472596699004662
Confusion Metric: 
 [[2885  251    6  275   84   16   27]
 [ 176 1402   17   74   52    3    9]
 [  13   65  235    5    4    1    0]
 [ 483   82    4  948   50    3    8]
 [ 100   59    1   52   98    1    5]
 [  22    2    0    1    1  177    4]
 [  22    6    1   13    5    3  186]]
Macro Precision/Recall/F-score:  (0.7275447746854103, 0.7006718464207558, 0.7121927711698847, None)
Accuracy:  0.7893410608542271
Confusion Metric: 
 [[3064  220    7  192   27   12   22]
 [ 223 1436   27   27   10    5    5]
 [  19   50  253    0    0    1    0]
 [ 425   50    3 1073   22    3    2]
 [ 152   60    1   32   66    1    4]
 [  15    1    0    1    0  186    4]
 [  26    6    0   16    0    1  187]]
Macro Precision/Recall/F-score:  (0.7844124250196305, 0.7223173512480682, 0.7420140416405386, None)

epoch 21/30
ex_result
Accuracy:  0.7472596699004662
Confusion Metric: 
 [[2885  251    6  275   84   16   27]
 [ 176 1402   17   74   52    3    9]
 [  13   65  235    5    4    1    0]
 [ 483   82    4  948   50    3    8]
 [ 100   59    1   52   98    1    5]
 [  22    2    0    1    1  177    4]
 [  22    6    1   13    5    3  186]]
Macro Precision/Recall/F-score:  (0.7275447746854103, 0.7006718464207558, 0.7121927711698847, None)
Accuracy:  0.784931334257276
Confusion Metric: 
 [[3126  202    7  151   24   10   24]
 [ 257 1410   24   22   10    5    5]
 [  22   52  248    0    0    1    0]
 [ 482   55    3 1010   18    3    7]
 [ 163   62    1   28   56    1    5]
 [  16    1    0    0    0  187    3]
 [  27    6    0    9    0    1  193]]
Macro Precision/Recall/F-score:  (0.7840614988936583, 0.7145597395370687, 0.734486343993123, None)

epoch 22/30
ex_result
Accuracy:  0.7472596699004662
Confusion Metric: 
 [[2885  251    6  275   84   16   27]
 [ 176 1402   17   74   52    3    9]
 [  13   65  235    5    4    1    0]
 [ 483   82    4  948   50    3    8]
 [ 100   59    1   52   98    1    5]
 [  22    2    0    1    1  177    4]
 [  22    6    1   13    5    3  186]]
Macro Precision/Recall/F-score:  (0.7275447746854103, 0.7006718464207558, 0.7121927711698847, None)
Accuracy:  0.7877031624039309
Confusion Metric: 
 [[3087  182    7  206   25   10   27]
 [ 265 1383   31   27   11    5   11]
 [  22   40  260    0    0    1    0]
 [ 423   49    3 1079   13    3    8]
 [ 154   59    1   42   54    1    5]
 [  13    1    0    0    0  189    4]
 [  21    4    0   10    0    1  200]]
Macro Precision/Recall/F-score:  (0.7771756025357763, 0.7270293457390399, 0.7379922829122579, None)

epoch 23/30
ex_result
Accuracy:  0.7472596699004662
Confusion Metric: 
 [[2885  251    6  275   84   16   27]
 [ 176 1402   17   74   52    3    9]
 [  13   65  235    5    4    1    0]
 [ 483   82    4  948   50    3    8]
 [ 100   59    1   52   98    1    5]
 [  22    2    0    1    1  177    4]
 [  22    6    1   13    5    3  186]]
Macro Precision/Recall/F-score:  (0.7275447746854103, 0.7006718464207558, 0.7121927711698847, None)
Accuracy:  0.7893410608542271
Confusion Metric: 
 [[3043  209    6  224   25   12   25]
 [ 233 1423   26   26   13    5    7]
 [  22   49  251    0    0    1    0]
 [ 392   50    2 1116   10    3    5]
 [ 148   59    1   42   55    1   10]
 [  14    1    0    1    0  188    3]
 [  26    5    0   16    0    0  189]]
Macro Precision/Recall/F-score:  (0.7796847162502927, 0.7210255037667445, 0.7362874579956438, None)

epoch 24/30
ex_result
Accuracy:  0.7472596699004662
Confusion Metric: 
 [[2885  251    6  275   84   16   27]
 [ 176 1402   17   74   52    3    9]
 [  13   65  235    5    4    1    0]
 [ 483   82    4  948   50    3    8]
 [ 100   59    1   52   98    1    5]
 [  22    2    0    1    1  177    4]
 [  22    6    1   13    5    3  186]]
Macro Precision/Recall/F-score:  (0.7275447746854103, 0.7006718464207558, 0.7121927711698847, None)
Accuracy:  0.7871991936499937
Confusion Metric: 
 [[3103  185    7  191   24    8   26]
 [ 260 1379   34   30   14    5   11]
 [  22   45  255    0    0    1    0]
 [ 432   44    2 1078   14    3    5]
 [ 158   54    1   37   57    1    8]
 [  19    1    0    1    0  183    3]
 [  24    4    0   14    0    1  193]]
Macro Precision/Recall/F-score:  (0.7774235582397699, 0.7180207876639372, 0.7344595284512632, None)

epoch 25/30
ex_result
Accuracy:  0.7472596699004662
Confusion Metric: 
 [[2885  251    6  275   84   16   27]
 [ 176 1402   17   74   52    3    9]
 [  13   65  235    5    4    1    0]
 [ 483   82    4  948   50    3    8]
 [ 100   59    1   52   98    1    5]
 [  22    2    0    1    1  177    4]
 [  22    6    1   13    5    3  186]]
Macro Precision/Recall/F-score:  (0.7275447746854103, 0.7006718464207558, 0.7121927711698847, None)
Accuracy:  0.7882071311578682
Confusion Metric: 
 [[3110  219    6  149   20   11   29]
 [ 227 1443   25   19    5    5    9]
 [  19   53  250    0    0    1    0]
 [ 481   56    2 1013   14    3    9]
 [ 161   63    1   29   53    1    8]
 [  16    1    0    1    0  186    3]
 [  22    4    0    8    0    1  201]]
Macro Precision/Recall/F-score:  (0.7875572443746263, 0.7205874907188026, 0.7349875175522858, None)

epoch 26/30
ex_result
Accuracy:  0.7472596699004662
Confusion Metric: 
 [[2885  251    6  275   84   16   27]
 [ 176 1402   17   74   52    3    9]
 [  13   65  235    5    4    1    0]
 [ 483   82    4  948   50    3    8]
 [ 100   59    1   52   98    1    5]
 [  22    2    0    1    1  177    4]
 [  22    6    1   13    5    3  186]]
Macro Precision/Recall/F-score:  (0.7275447746854103, 0.7006718464207558, 0.7121927711698847, None)
Accuracy:  0.7894670530427114
Confusion Metric: 
 [[3103  208    7  161   26   11   28]
 [ 236 1414   28   27   13    5   10]
 [  18   47  256    0    0    2    0]
 [ 457   47    3 1046   15    3    7]
 [ 155   59    1   34   58    1    8]
 [  14    1    0    1    0  189    2]
 [  23    4    0    8    0    1  200]]
Macro Precision/Recall/F-score:  (0.7785077622097262, 0.7272814182350815, 0.7394378863425892, None)

epoch 27/30
ex_result
Accuracy:  0.7472596699004662
Confusion Metric: 
 [[2885  251    6  275   84   16   27]
 [ 176 1402   17   74   52    3    9]
 [  13   65  235    5    4    1    0]
 [ 483   82    4  948   50    3    8]
 [ 100   59    1   52   98    1    5]
 [  22    2    0    1    1  177    4]
 [  22    6    1   13    5    3  186]]
Macro Precision/Recall/F-score:  (0.7275447746854103, 0.7006718464207558, 0.7121927711698847, None)
Accuracy:  0.78971903741968
Confusion Metric: 
 [[3071  218    8  184   31   10   22]
 [ 223 1431   27   26   13    5    8]
 [  16   49  257    0    0    1    0]
 [ 424   53    3 1071   20    3    4]
 [ 149   60    1   30   70    1    5]
 [  15    1    0    1    0  187    3]
 [  27    6    0   21    0    1  181]]
Macro Precision/Recall/F-score:  (0.78204698786584, 0.72264190693235, 0.7422129413337636, None)

epoch 28/30
ex_result
Accuracy:  0.7472596699004662
Confusion Metric: 
 [[2885  251    6  275   84   16   27]
 [ 176 1402   17   74   52    3    9]
 [  13   65  235    5    4    1    0]
 [ 483   82    4  948   50    3    8]
 [ 100   59    1   52   98    1    5]
 [  22    2    0    1    1  177    4]
 [  22    6    1   13    5    3  186]]
Macro Precision/Recall/F-score:  (0.7275447746854103, 0.7006718464207558, 0.7121927711698847, None)
Accuracy:  0.7890890764772585
Confusion Metric: 
 [[3090  224    5  162   27   12   24]
 [ 224 1432   26   25   13    5    8]
 [  19   54  249    0    0    1    0]
 [ 446   59    1 1045   20    2    5]
 [ 148   63    1   33   64    1    6]
 [  12    1    0    1    0  191    2]
 [  28    4    0   11    0    1  192]]
Macro Precision/Recall/F-score:  (0.7832471623374776, 0.7243048144496436, 0.7417851270700524, None)

epoch 29/30
ex_result
Accuracy:  0.7472596699004662
Confusion Metric: 
 [[2885  251    6  275   84   16   27]
 [ 176 1402   17   74   52    3    9]
 [  13   65  235    5    4    1    0]
 [ 483   82    4  948   50    3    8]
 [ 100   59    1   52   98    1    5]
 [  22    2    0    1    1  177    4]
 [  22    6    1   13    5    3  186]]
Macro Precision/Recall/F-score:  (0.7275447746854103, 0.7006718464207558, 0.7121927711698847, None)
Accuracy:  0.7893410608542271
Confusion Metric: 
 [[3092  219    5  169   25   10   24]
 [ 232 1432   26   21    9    5    8]
 [  25   52  244    0    0    2    0]
 [ 441   59    2 1055   14    3    4]
 [ 157   62    1   33   56    1    6]
 [  14    1    0    1    0  188    3]
 [  25    4    0    8    0    1  198]]
Macro Precision/Recall/F-score:  (0.7863720872245791, 0.7210242591687376, 0.7384019146346571, None)

best_epoch:  27 0.7422129413337636 0.78971903741968


valid f1:  0.745162876112411 [0.7449060583070066, 0.7483696286964628, 0.7422129413337636]
valid acc: 0.7896350426273572 [0.7861912561421192, 0.7929948343202722, 0.78971903741968]
