['/home/lizhuoqun/SE_type_code', '/home/lizhuoqun/anconda/envs/py38/lib/python38.zip', '/home/lizhuoqun/anconda/envs/py38/lib/python3.8', '/home/lizhuoqun/anconda/envs/py38/lib/python3.8/lib-dynload', '/home/lizhuoqun/anconda/envs/py38/lib/python3.8/site-packages', '/home/lizhuoqun/SE_type_code/data', '/home/lizhuoqun/SE_type_code/tools', '/home/lizhuoqun/SE_type_code/models', '/home/lizhuoqun/SE_type_code/pre_train']
sentence level BiLSTM
Namespace(BATCH_SIZE=128, DROPOUT=0.5, EPOCHs=30, EX_LOSS=0, FREEZE=1, IF_USE_EX_INITIAL_1=1, IF_USE_EX_INITIAL_2=0, LEARN_RATE=0.001)


time= 1230
use 343 from author
Loading Data...
len(test_X):  981
len(train_X):  3803
paragraph level BiLSTM label embedding 3 class

epoch 0/30
ex_result
Accuracy:  0.39183570618621644
Confusion Metric: 
 [[2989  498   57    0    0    0    0]
 [1599  120   14    0    0    0    0]
 [ 319    3    1    0    0    0    0]
 [ 461 1102   15    0    0    0    0]
 [ 165  143    8    0    0    0    0]
 [  18    2  187    0    0    0    0]
 [  15   19  202    0    0    0    0]]
Macro Precision/Recall/F-score:  (0.08609564869736923, 0.13081962168994646, 0.10356837616258895, None)
Accuracy:  0.596321028096258
Confusion Metric: 
 [[2839   80    9  567    0    8   41]
 [1239  325   20  135    0    1   13]
 [ 210   72   32    8    0    1    0]
 [ 308    0    0 1261    0    0    9]
 [ 182    2    0  125    0    1    6]
 [  23    0    1    2    0  116   65]
 [  26    2    0   46    0    2  160]]
Macro Precision/Recall/F-score:  (0.5445071679894782, 0.44644926899427745, 0.44427951621895156, None)

epoch 1/30
ex_result
Accuracy:  0.39183570618621644
Confusion Metric: 
 [[2989  498   57    0    0    0    0]
 [1599  120   14    0    0    0    0]
 [ 319    3    1    0    0    0    0]
 [ 461 1102   15    0    0    0    0]
 [ 165  143    8    0    0    0    0]
 [  18    2  187    0    0    0    0]
 [  15   19  202    0    0    0    0]]
Macro Precision/Recall/F-score:  (0.08609564869736923, 0.13081962168994646, 0.10356837616258895, None)
Accuracy:  0.6395363487463778
Confusion Metric: 
 [[2899  108   34  454    0   10   39]
 [1090  450   86   91    0    3   13]
 [ 100   31  187    4    0    1    0]
 [ 360    6    0 1204    0    1    7]
 [ 203    7    1  100    0    1    4]
 [  18    0    1    1    0  162   25]
 [  23    0    3   35    0    1  174]]
Macro Precision/Recall/F-score:  (0.5958743077614123, 0.562786129323832, 0.5587192028818875, None)

epoch 2/30
ex_result
Accuracy:  0.39183570618621644
Confusion Metric: 
 [[2989  498   57    0    0    0    0]
 [1599  120   14    0    0    0    0]
 [ 319    3    1    0    0    0    0]
 [ 461 1102   15    0    0    0    0]
 [ 165  143    8    0    0    0    0]
 [  18    2  187    0    0    0    0]
 [  15   19  202    0    0    0    0]]
Macro Precision/Recall/F-score:  (0.08609564869736923, 0.13081962168994646, 0.10356837616258895, None)
Accuracy:  0.6607030364117424
Confusion Metric: 
 [[2812  191   13  499    0   11   18]
 [ 886  698   38  103    0    3    5]
 [  82   65  172    3    0    1    0]
 [ 326   11    0 1236    0    1    4]
 [ 181   21    0  112    0    1    1]
 [  24    0    1    1    0  171   10]
 [  43    1    1   35    0    1  155]]
Macro Precision/Recall/F-score:  (0.6352527677380964, 0.5706954010678518, 0.590331136853183, None)

epoch 3/30
ex_result
Accuracy:  0.39183570618621644
Confusion Metric: 
 [[2989  498   57    0    0    0    0]
 [1599  120   14    0    0    0    0]
 [ 319    3    1    0    0    0    0]
 [ 461 1102   15    0    0    0    0]
 [ 165  143    8    0    0    0    0]
 [  18    2  187    0    0    0    0]
 [  15   19  202    0    0    0    0]]
Macro Precision/Recall/F-score:  (0.08609564869736923, 0.13081962168994646, 0.10356837616258895, None)
Accuracy:  0.6562933098147915
Confusion Metric: 
 [[2774  134   19  581    0   11   25]
 [ 929  603   48  142    0    4    7]
 [  75   45  197    5    0    1    0]
 [ 285    8    0 1280    0    1    4]
 [ 161   17    0  135    0    1    2]
 [  16    0    1    1    0  182    7]
 [  32    0    2   28    0    1  173]]
Macro Precision/Recall/F-score:  (0.6318219141986566, 0.5948601837340031, 0.5984805463693438, None)

epoch 4/30
ex_result
Accuracy:  0.39183570618621644
Confusion Metric: 
 [[2989  498   57    0    0    0    0]
 [1599  120   14    0    0    0    0]
 [ 319    3    1    0    0    0    0]
 [ 461 1102   15    0    0    0    0]
 [ 165  143    8    0    0    0    0]
 [  18    2  187    0    0    0    0]
 [  15   19  202    0    0    0    0]]
Macro Precision/Recall/F-score:  (0.08609564869736923, 0.13081962168994646, 0.10356837616258895, None)
Accuracy:  0.6811137709462013
Confusion Metric: 
 [[2842  215   12  445    2   10   18]
 [ 793  777   42  108    4    3    6]
 [  62   48  209    3    0    1    0]
 [ 341   16    0 1215    2    1    3]
 [ 180   24    0  105    5    1    1]
 [  17    0    1    0    0  186    3]
 [  36    1    2   23    0    2  172]]
Macro Precision/Recall/F-score:  (0.7076274694963407, 0.6157831511927055, 0.6296025058899202, None)

epoch 5/30
ex_result
Accuracy:  0.39183570618621644
Confusion Metric: 
 [[2989  498   57    0    0    0    0]
 [1599  120   14    0    0    0    0]
 [ 319    3    1    0    0    0    0]
 [ 461 1102   15    0    0    0    0]
 [ 165  143    8    0    0    0    0]
 [  18    2  187    0    0    0    0]
 [  15   19  202    0    0    0    0]]
Macro Precision/Recall/F-score:  (0.08609564869736923, 0.13081962168994646, 0.10356837616258895, None)
Accuracy:  0.6845155600352778
Confusion Metric: 
 [[2857  184   13  464    0   12   14]
 [ 814  755   41  115    1    3    4]
 [  59   47  213    3    0    1    0]
 [ 301   15    0 1257    0    2    3]
 [ 177   23    0  114    0    1    1]
 [  15    0    1    0    0  189    2]
 [  38    2    1   32    0    1  162]]
Macro Precision/Recall/F-score:  (0.6581017460995658, 0.6139023961385371, 0.6258572415610671, None)

epoch 6/30
ex_result
Accuracy:  0.39183570618621644
Confusion Metric: 
 [[2989  498   57    0    0    0    0]
 [1599  120   14    0    0    0    0]
 [ 319    3    1    0    0    0    0]
 [ 461 1102   15    0    0    0    0]
 [ 165  143    8    0    0    0    0]
 [  18    2  187    0    0    0    0]
 [  15   19  202    0    0    0    0]]
Macro Precision/Recall/F-score:  (0.08609564869736923, 0.13081962168994646, 0.10356837616258895, None)
Accuracy:  0.6843895678467935
Confusion Metric: 
 [[2817  179    8  491    8   13   28]
 [ 804  748   40  123    7    4    7]
 [  64   38  217    3    0    1    0]
 [ 285   13    0 1270    4    1    5]
 [ 159   21    0  122   11    1    2]
 [  14    0    1    1    0  187    4]
 [  27    2    0   23    0    2  182]]
Macro Precision/Recall/F-score:  (0.7032747835203109, 0.6303581548160543, 0.6378424852251402, None)

epoch 7/30
ex_result
Accuracy:  0.39183570618621644
Confusion Metric: 
 [[2989  498   57    0    0    0    0]
 [1599  120   14    0    0    0    0]
 [ 319    3    1    0    0    0    0]
 [ 461 1102   15    0    0    0    0]
 [ 165  143    8    0    0    0    0]
 [  18    2  187    0    0    0    0]
 [  15   19  202    0    0    0    0]]
Macro Precision/Recall/F-score:  (0.08609564869736923, 0.13081962168994646, 0.10356837616258895, None)
Accuracy:  0.6910671538364621
Confusion Metric: 
 [[2841  179   20  455    5   14   30]
 [ 770  769   68  107    6    5    8]
 [  43   41  235    3    0    1    0]
 [ 311   15    0 1243    3    2    4]
 [ 167   20    2  106   17    1    3]
 [   9    0    1    0    0  193    4]
 [  25    1    2   20    0    1  187]]
Macro Precision/Recall/F-score:  (0.7173609627526095, 0.6484533407718961, 0.6464533394928365, None)

epoch 8/30
ex_result
Accuracy:  0.39183570618621644
Confusion Metric: 
 [[2989  498   57    0    0    0    0]
 [1599  120   14    0    0    0    0]
 [ 319    3    1    0    0    0    0]
 [ 461 1102   15    0    0    0    0]
 [ 165  143    8    0    0    0    0]
 [  18    2  187    0    0    0    0]
 [  15   19  202    0    0    0    0]]
Macro Precision/Recall/F-score:  (0.08609564869736923, 0.13081962168994646, 0.10356837616258895, None)
Accuracy:  0.7024064508000504
Confusion Metric: 
 [[2837  257   14  392    5   13   26]
 [ 664  912   51   87    4    6    9]
 [  40   49  230    3    0    1    0]
 [ 341   27    0 1201    4    2    3]
 [ 164   34    0   96   19    1    2]
 [  10    0    1    0    0  191    5]
 [  28    2    1   19    0    1  185]]
Macro Precision/Recall/F-score:  (0.73363585547295, 0.6523796345470407, 0.6586918284917921, None)

epoch 9/30
ex_result
Accuracy:  0.39183570618621644
Confusion Metric: 
 [[2989  498   57    0    0    0    0]
 [1599  120   14    0    0    0    0]
 [ 319    3    1    0    0    0    0]
 [ 461 1102   15    0    0    0    0]
 [ 165  143    8    0    0    0    0]
 [  18    2  187    0    0    0    0]
 [  15   19  202    0    0    0    0]]
Macro Precision/Recall/F-score:  (0.08609564869736923, 0.13081962168994646, 0.10356837616258895, None)
Accuracy:  0.7056822477006426
Confusion Metric: 
 [[2791  272   16  432    9   11   13]
 [ 618  958   45   96    8    3    5]
 [  33   55  231    3    0    1    0]
 [ 299   20    0 1252    5    1    1]
 [ 150   37    2  106   20    1    0]
 [  16    0    1    0    0  188    2]
 [  35    4    1   35    0    0  161]]
Macro Precision/Recall/F-score:  (0.7326809724974768, 0.6432305112683643, 0.6605731068987151, None)

epoch 10/30
ex_result
Accuracy:  0.39183570618621644
Confusion Metric: 
 [[2989  498   57    0    0    0    0]
 [1599  120   14    0    0    0    0]
 [ 319    3    1    0    0    0    0]
 [ 461 1102   15    0    0    0    0]
 [ 165  143    8    0    0    0    0]
 [  18    2  187    0    0    0    0]
 [  15   19  202    0    0    0    0]]
Macro Precision/Recall/F-score:  (0.08609564869736923, 0.13081962168994646, 0.10356837616258895, None)
Accuracy:  0.7016504976691446
Confusion Metric: 
 [[2936  181   10  368    9   11   29]
 [ 771  819   50   77    5    3    8]
 [  47   39  233    3    0    1    0]
 [ 358   21    0 1184    9    2    4]
 [ 169   29    2   90   24    1    1]
 [  12    0    1    0    0  192    2]
 [  33    3    0   18    0    1  181]]
Macro Precision/Recall/F-score:  (0.731620612859008, 0.6490210225976114, 0.6612283948825043, None)

epoch 11/30
ex_result
Accuracy:  0.39183570618621644
Confusion Metric: 
 [[2989  498   57    0    0    0    0]
 [1599  120   14    0    0    0    0]
 [ 319    3    1    0    0    0    0]
 [ 461 1102   15    0    0    0    0]
 [ 165  143    8    0    0    0    0]
 [  18    2  187    0    0    0    0]
 [  15   19  202    0    0    0    0]]
Macro Precision/Recall/F-score:  (0.08609564869736923, 0.13081962168994646, 0.10356837616258895, None)
Accuracy:  0.7078241149048758
Confusion Metric: 
 [[2780  237   12  468    4   11   32]
 [ 620  937   49  108    4    4   11]
 [  34   48  236    4    0    1    0]
 [ 281   21    0 1270    2    2    2]
 [ 148   38    3  107   15    1    4]
 [  11    0    1    1    0  191    3]
 [  18    3    0   26    0    0  189]]
Macro Precision/Recall/F-score:  (0.7374238273798667, 0.6616561119055302, 0.6621214242303173, None)

epoch 12/30
ex_result
Accuracy:  0.39183570618621644
Confusion Metric: 
 [[2989  498   57    0    0    0    0]
 [1599  120   14    0    0    0    0]
 [ 319    3    1    0    0    0    0]
 [ 461 1102   15    0    0    0    0]
 [ 165  143    8    0    0    0    0]
 [  18    2  187    0    0    0    0]
 [  15   19  202    0    0    0    0]]
Macro Precision/Recall/F-score:  (0.08609564869736923, 0.13081962168994646, 0.10356837616258895, None)
Accuracy:  0.6991306538994583
Confusion Metric: 
 [[2906  161    8  430   10   12   17]
 [ 772  789   49  100   10    5    8]
 [  50   43  226    3    0    1    0]
 [ 310   16    0 1237   12    2    1]
 [ 170   21    2   95   27    1    0]
 [  12    0    1    0    0  192    2]
 [  37    2    0   24    0    1  172]]
Macro Precision/Recall/F-score:  (0.7295788920045309, 0.6429491707635158, 0.659518333253738, None)

epoch 13/30
ex_result
Accuracy:  0.39183570618621644
Confusion Metric: 
 [[2989  498   57    0    0    0    0]
 [1599  120   14    0    0    0    0]
 [ 319    3    1    0    0    0    0]
 [ 461 1102   15    0    0    0    0]
 [ 165  143    8    0    0    0    0]
 [  18    2  187    0    0    0    0]
 [  15   19  202    0    0    0    0]]
Macro Precision/Recall/F-score:  (0.08609564869736923, 0.13081962168994646, 0.10356837616258895, None)
Accuracy:  0.7100919742975935
Confusion Metric: 
 [[2762  251    8  484    8   13   18]
 [ 599  973   31  110    7    5    8]
 [  41   51  226    4    0    1    0]
 [ 264   21    0 1281    9    2    1]
 [ 151   35    1  102   25    1    1]
 [  10    0    1    0    0  194    2]
 [  36    4    0   19    0    2  175]]
Macro Precision/Recall/F-score:  (0.7406485892853826, 0.6585877697694773, 0.672256129367157, None)

epoch 14/30
ex_result
Accuracy:  0.39183570618621644
Confusion Metric: 
 [[2989  498   57    0    0    0    0]
 [1599  120   14    0    0    0    0]
 [ 319    3    1    0    0    0    0]
 [ 461 1102   15    0    0    0    0]
 [ 165  143    8    0    0    0    0]
 [  18    2  187    0    0    0    0]
 [  15   19  202    0    0    0    0]]
Macro Precision/Recall/F-score:  (0.08609564869736923, 0.13081962168994646, 0.10356837616258895, None)
Accuracy:  0.7124858258787955
Confusion Metric: 
 [[2894  221   11  362   11   12   33]
 [ 650  938   41   86    5    3   10]
 [  34   47  237    3    1    1    0]
 [ 356   22    0 1179   14    2    5]
 [ 166   33    2   86   24    1    4]
 [  10    0    1    0    0  192    4]
 [  26    2    1   15    0    1  191]]
Macro Precision/Recall/F-score:  (0.7210960434264434, 0.6645073440307614, 0.6712335250231852, None)

epoch 15/30
ex_result
Accuracy:  0.39183570618621644
Confusion Metric: 
 [[2989  498   57    0    0    0    0]
 [1599  120   14    0    0    0    0]
 [ 319    3    1    0    0    0    0]
 [ 461 1102   15    0    0    0    0]
 [ 165  143    8    0    0    0    0]
 [  18    2  187    0    0    0    0]
 [  15   19  202    0    0    0    0]]
Macro Precision/Recall/F-score:  (0.08609564869736923, 0.13081962168994646, 0.10356837616258895, None)
Accuracy:  0.7089580446012347
Confusion Metric: 
 [[2831  201   12  445   19   12   24]
 [ 664  894   43  111    9    4    8]
 [  37   39  240    5    0    2    0]
 [ 289   16    0 1252   17    2    2]
 [ 159   24    3   91   36    1    2]
 [  10    0    1    0    0  194    2]
 [  30    4    1   19    1    1  180]]
Macro Precision/Recall/F-score:  (0.725295560387616, 0.6664229645740584, 0.6770815883937382, None)

epoch 16/30
ex_result
Accuracy:  0.39183570618621644
Confusion Metric: 
 [[2989  498   57    0    0    0    0]
 [1599  120   14    0    0    0    0]
 [ 319    3    1    0    0    0    0]
 [ 461 1102   15    0    0    0    0]
 [ 165  143    8    0    0    0    0]
 [  18    2  187    0    0    0    0]
 [  15   19  202    0    0    0    0]]
Macro Precision/Recall/F-score:  (0.08609564869736923, 0.13081962168994646, 0.10356837616258895, None)
Accuracy:  0.7173995212296838
Confusion Metric: 
 [[2946  205    7  337   14   11   24]
 [ 666  928   35   86    7    3    8]
 [  34   45  239    3    1    1    0]
 [ 363   19    0 1174   16    2    4]
 [ 164   32    3   85   28    1    3]
 [  11    0    1    0    0  192    3]
 [  29    5    1   13    0    1  187]]
Macro Precision/Recall/F-score:  (0.7327350023178749, 0.6655980302797522, 0.6794712708747837, None)

epoch 17/30
ex_result
Accuracy:  0.39183570618621644
Confusion Metric: 
 [[2989  498   57    0    0    0    0]
 [1599  120   14    0    0    0    0]
 [ 319    3    1    0    0    0    0]
 [ 461 1102   15    0    0    0    0]
 [ 165  143    8    0    0    0    0]
 [  18    2  187    0    0    0    0]
 [  15   19  202    0    0    0    0]]
Macro Precision/Recall/F-score:  (0.08609564869736923, 0.13081962168994646, 0.10356837616258895, None)
Accuracy:  0.7184074587375583
Confusion Metric: 
 [[2855  233    8  396   14   10   28]
 [ 605  970   40   98    7    3   10]
 [  34   44  240    3    1    1    0]
 [ 308   23    0 1231   10    2    4]
 [ 157   35    2   91   27    1    3]
 [  11    0    1    0    0  193    2]
 [  28    3    1   18    0    0  186]]
Macro Precision/Recall/F-score:  (0.7318124845897692, 0.6706273088512102, 0.6799004206529029, None)

epoch 18/30
ex_result
Accuracy:  0.39183570618621644
Confusion Metric: 
 [[2989  498   57    0    0    0    0]
 [1599  120   14    0    0    0    0]
 [ 319    3    1    0    0    0    0]
 [ 461 1102   15    0    0    0    0]
 [ 165  143    8    0    0    0    0]
 [  18    2  187    0    0    0    0]
 [  15   19  202    0    0    0    0]]
Macro Precision/Recall/F-score:  (0.08609564869736923, 0.13081962168994646, 0.10356837616258895, None)
Accuracy:  0.7167695602872622
Confusion Metric: 
 [[2848  210    8  413   17   11   37]
 [ 633  945   37   98    8    2   10]
 [  39   43  234    4    1    2    0]
 [ 288   22    0 1249   12    2    5]
 [ 155   30    2   94   29    1    5]
 [  10    0    1    1    0  192    3]
 [  23    3    1   17    0    0  192]]
Macro Precision/Recall/F-score:  (0.7240803327438355, 0.6711061513013598, 0.6775818171602009, None)

epoch 19/30
ex_result
Accuracy:  0.39183570618621644
Confusion Metric: 
 [[2989  498   57    0    0    0    0]
 [1599  120   14    0    0    0    0]
 [ 319    3    1    0    0    0    0]
 [ 461 1102   15    0    0    0    0]
 [ 165  143    8    0    0    0    0]
 [  18    2  187    0    0    0    0]
 [  15   19  202    0    0    0    0]]
Macro Precision/Recall/F-score:  (0.08609564869736923, 0.13081962168994646, 0.10356837616258895, None)
Accuracy:  0.7173995212296838
Confusion Metric: 
 [[2883  193    6  418    9   12   23]
 [ 648  916   40  112    6    3    8]
 [  43   40  234    5    0    1    0]
 [ 276   20    0 1266   13    2    1]
 [ 153   38    2  100   19    1    3]
 [  10    0    1    1    0  193    2]
 [  27    3    1   21    0    1  183]]
Macro Precision/Recall/F-score:  (0.7278722054216926, 0.6623868291263134, 0.6719097337613558, None)

epoch 20/30
ex_result
Accuracy:  0.39183570618621644
Confusion Metric: 
 [[2989  498   57    0    0    0    0]
 [1599  120   14    0    0    0    0]
 [ 319    3    1    0    0    0    0]
 [ 461 1102   15    0    0    0    0]
 [ 165  143    8    0    0    0    0]
 [  18    2  187    0    0    0    0]
 [  15   19  202    0    0    0    0]]
Macro Precision/Recall/F-score:  (0.08609564869736923, 0.13081962168994646, 0.10356837616258895, None)
Accuracy:  0.7250850447272269
Confusion Metric: 
 [[2829  253   19  401    5   10   27]
 [ 531 1027   56  102    4    4    9]
 [  25   44  249    3    1    1    0]
 [ 292   21    0 1254    8    1    2]
 [ 160   38    4   90   21    1    2]
 [  12    0    1    1    0  191    2]
 [  29    3    1   19    0    0  184]]
Macro Precision/Recall/F-score:  (0.7380721048888716, 0.675037313517187, 0.6780304841818088, None)

epoch 21/30
ex_result
Accuracy:  0.39183570618621644
Confusion Metric: 
 [[2989  498   57    0    0    0    0]
 [1599  120   14    0    0    0    0]
 [ 319    3    1    0    0    0    0]
 [ 461 1102   15    0    0    0    0]
 [ 165  143    8    0    0    0    0]
 [  18    2  187    0    0    0    0]
 [  15   19  202    0    0    0    0]]
Macro Precision/Recall/F-score:  (0.08609564869736923, 0.13081962168994646, 0.10356837616258895, None)
Accuracy:  0.7192894040569485
Confusion Metric: 
 [[2773  264    6  449   15   10   27]
 [ 542 1031   34  107    9    3    7]
 [  30   48  239    5    0    1    0]
 [ 267   22    0 1278    9    1    1]
 [ 147   36    1  104   25    1    2]
 [  13    0    1    0    0  191    2]
 [  27    5    0   31    0    1  172]]
Macro Precision/Recall/F-score:  (0.7322335225242894, 0.6654040171104034, 0.6781294671571017, None)

epoch 22/30
ex_result
Accuracy:  0.39183570618621644
Confusion Metric: 
 [[2989  498   57    0    0    0    0]
 [1599  120   14    0    0    0    0]
 [ 319    3    1    0    0    0    0]
 [ 461 1102   15    0    0    0    0]
 [ 165  143    8    0    0    0    0]
 [  18    2  187    0    0    0    0]
 [  15   19  202    0    0    0    0]]
Macro Precision/Recall/F-score:  (0.08609564869736923, 0.13081962168994646, 0.10356837616258895, None)
Accuracy:  0.720297341564823
Confusion Metric: 
 [[2855  199   11  440    8   10   21]
 [ 630  939   40  109    6    3    6]
 [  35   37  245    4    1    1    0]
 [ 259   21    0 1290    5    2    1]
 [ 159   31    2  104   19    1    0]
 [   9    0    1    1    0  194    2]
 [  31    4    1   24    0    1  175]]
Macro Precision/Recall/F-score:  (0.7438927223492059, 0.6660394822196578, 0.6760992348199836, None)

epoch 23/30
ex_result
Accuracy:  0.39183570618621644
Confusion Metric: 
 [[2989  498   57    0    0    0    0]
 [1599  120   14    0    0    0    0]
 [ 319    3    1    0    0    0    0]
 [ 461 1102   15    0    0    0    0]
 [ 165  143    8    0    0    0    0]
 [  18    2  187    0    0    0    0]
 [  15   19  202    0    0    0    0]]
Macro Precision/Recall/F-score:  (0.08609564869736923, 0.13081962168994646, 0.10356837616258895, None)
Accuracy:  0.7168955524757465
Confusion Metric: 
 [[2920  205    8  366    8   10   27]
 [ 647  922   42  103    7    3    9]
 [  40   42  236    2    1    2    0]
 [ 327   20    0 1218   10    2    1]
 [ 168   34    2   87   21    1    3]
 [  13    0    1    1    0  190    2]
 [  32    5    0   16    0    0  183]]
Macro Precision/Recall/F-score:  (0.7320655136577688, 0.6597457497936917, 0.6716084438020496, None)

epoch 24/30
ex_result
Accuracy:  0.39183570618621644
Confusion Metric: 
 [[2989  498   57    0    0    0    0]
 [1599  120   14    0    0    0    0]
 [ 319    3    1    0    0    0    0]
 [ 461 1102   15    0    0    0    0]
 [ 165  143    8    0    0    0    0]
 [  18    2  187    0    0    0    0]
 [  15   19  202    0    0    0    0]]
Macro Precision/Recall/F-score:  (0.08609564869736923, 0.13081962168994646, 0.10356837616258895, None)
Accuracy:  0.7238251228423838
Confusion Metric: 
 [[2762  252    9  464   12   11   34]
 [ 535 1031   42  107    5    4    9]
 [  31   44  244    3    0    1    0]
 [ 247   25    0 1294    7    2    3]
 [ 141   39    2  102   27    1    4]
 [  10    0    1    1    0  191    4]
 [  18    4    1   17    0    0  196]]
Macro Precision/Recall/F-score:  (0.7380966134432928, 0.6840525149462632, 0.6853235668110795, None)

epoch 25/30
ex_result
Accuracy:  0.39183570618621644
Confusion Metric: 
 [[2989  498   57    0    0    0    0]
 [1599  120   14    0    0    0    0]
 [ 319    3    1    0    0    0    0]
 [ 461 1102   15    0    0    0    0]
 [ 165  143    8    0    0    0    0]
 [  18    2  187    0    0    0    0]
 [  15   19  202    0    0    0    0]]
Macro Precision/Recall/F-score:  (0.08609564869736923, 0.13081962168994646, 0.10356837616258895, None)
Accuracy:  0.7248330603502583
Confusion Metric: 
 [[2806  279    9  383   39    9   19]
 [ 525 1052   45   87   14    2    8]
 [  28   42  248    2    2    1    0]
 [ 285   29    0 1235   27    1    1]
 [ 144   36    4   84   45    1    2]
 [  13    0    1    1    0  190    2]
 [  29    5    1   23    1    0  177]]
Macro Precision/Recall/F-score:  (0.725304911781733, 0.6799311575891422, 0.6943323744636481, None)

epoch 26/30
ex_result
Accuracy:  0.39183570618621644
Confusion Metric: 
 [[2989  498   57    0    0    0    0]
 [1599  120   14    0    0    0    0]
 [ 319    3    1    0    0    0    0]
 [ 461 1102   15    0    0    0    0]
 [ 165  143    8    0    0    0    0]
 [  18    2  187    0    0    0    0]
 [  15   19  202    0    0    0    0]]
Macro Precision/Recall/F-score:  (0.08609564869736923, 0.13081962168994646, 0.10356837616258895, None)
Accuracy:  0.727100919742976
Confusion Metric: 
 [[2818  275    9  388   18    9   27]
 [ 524 1055   38   98    8    2    8]
 [  33   45  239    4    0    2    0]
 [ 285   26    0 1254   10    1    2]
 [ 152   41    1   90   28    1    3]
 [  14    0    1    1    0  188    3]
 [  24    5    1   17    0    0  189]]
Macro Precision/Recall/F-score:  (0.734771675471742, 0.6766000205536773, 0.6871623789627924, None)

epoch 27/30
ex_result
Accuracy:  0.39183570618621644
Confusion Metric: 
 [[2989  498   57    0    0    0    0]
 [1599  120   14    0    0    0    0]
 [ 319    3    1    0    0    0    0]
 [ 461 1102   15    0    0    0    0]
 [ 165  143    8    0    0    0    0]
 [  18    2  187    0    0    0    0]
 [  15   19  202    0    0    0    0]]
Macro Precision/Recall/F-score:  (0.08609564869736923, 0.13081962168994646, 0.10356837616258895, None)
Accuracy:  0.7320146150938642
Confusion Metric: 
 [[2898  273    7  315   17    9   25]
 [ 527 1079   34   75    8    2    8]
 [  40   43  238    0    1    1    0]
 [ 341   29    0 1191   14    2    1]
 [ 156   47    1   73   35    1    3]
 [  16    0    1    1    0  187    2]
 [  30    3    1   19    0    1  182]]
Macro Precision/Recall/F-score:  (0.7459850159351852, 0.6738946226704153, 0.6924790261817085, None)

epoch 28/30
ex_result
Accuracy:  0.39183570618621644
Confusion Metric: 
 [[2989  498   57    0    0    0    0]
 [1599  120   14    0    0    0    0]
 [ 319    3    1    0    0    0    0]
 [ 461 1102   15    0    0    0    0]
 [ 165  143    8    0    0    0    0]
 [  18    2  187    0    0    0    0]
 [  15   19  202    0    0    0    0]]
Macro Precision/Recall/F-score:  (0.08609564869736923, 0.13081962168994646, 0.10356837616258895, None)
Accuracy:  0.7317626307168955
Confusion Metric: 
 [[2901  261   13  310   16   11   32]
 [ 541 1057   38   79    6    3    9]
 [  37   40  243    0    1    2    0]
 [ 339   28    0 1194   14    1    2]
 [ 156   49    4   73   29    1    4]
 [  14    0    1    1    0  189    2]
 [  23    5    1   12    0    0  195]]
Macro Precision/Recall/F-score:  (0.7334721425205631, 0.6812220524880198, 0.6895907200774009, None)

epoch 29/30
ex_result
Accuracy:  0.39183570618621644
Confusion Metric: 
 [[2989  498   57    0    0    0    0]
 [1599  120   14    0    0    0    0]
 [ 319    3    1    0    0    0    0]
 [ 461 1102   15    0    0    0    0]
 [ 165  143    8    0    0    0    0]
 [  18    2  187    0    0    0    0]
 [  15   19  202    0    0    0    0]]
Macro Precision/Recall/F-score:  (0.08609564869736923, 0.13081962168994646, 0.10356837616258895, None)
Accuracy:  0.7297467557011466
Confusion Metric: 
 [[2901  271   13  304   25   11   19]
 [ 522 1075   43   77    7    2    7]
 [  30   45  245    1    1    1    0]
 [ 353   30    0 1165   28    1    1]
 [ 158   42    2   72   40    1    1]
 [  13    0    1    1    0  190    2]
 [  31    7    1   20    1    0  176]]
Macro Precision/Recall/F-score:  (0.7339421923244032, 0.6751268296126368, 0.6930986426071842, None)

best_epoch:  25 0.6943323744636481 0.7248330603502583


time= 1231
use 343 from author
Loading Data...
len(test_X):  981
len(train_X):  3803
paragraph level BiLSTM label embedding 3 class

epoch 0/30
ex_result
Accuracy:  0.4072067531813028
Confusion Metric: 
 [[3101  424   19    0    0    0    0]
 [1597  130    6    0    0    0    0]
 [ 318    4    1    0    0    0    0]
 [ 528 1047    3    0    0    0    0]
 [ 182  130    4    0    0    0    0]
 [  29    3  175    0    0    0    0]
 [  36   21  179    0    0    0    0]]
Macro Precision/Recall/F-score:  (0.08742510094933258, 0.13615862872618906, 0.1059505944397089, None)
Accuracy:  0.623157364243417
Confusion Metric: 
 [[2437  690    1  397    0    0   19]
 [ 436 1187    0  103    0    0    7]
 [  28  286    2    6    0    0    1]
 [ 408   40    0 1128    0    0    2]
 [ 174   43    0   95    0    0    4]
 [  30    1    0    1    0   16  159]
 [  34    7    0   19    0    0  176]]
Macro Precision/Recall/F-score:  (0.5719351903152038, 0.4166655343720376, 0.38563183540168877, None)

epoch 1/30
ex_result
Accuracy:  0.4072067531813028
Confusion Metric: 
 [[3101  424   19    0    0    0    0]
 [1597  130    6    0    0    0    0]
 [ 318    4    1    0    0    0    0]
 [ 528 1047    3    0    0    0    0]
 [ 182  130    4    0    0    0    0]
 [  29    3  175    0    0    0    0]
 [  36   21  179    0    0    0    0]]
Macro Precision/Recall/F-score:  (0.08742510094933258, 0.13615862872618906, 0.1059505944397089, None)
Accuracy:  0.6580572004535719
Confusion Metric: 
 [[2524  554   10  432    0    5   19]
 [ 420 1171   12  120    0    2    8]
 [  35  236   47    4    0    1    0]
 [ 370   53    0 1153    0    0    2]
 [ 142   54    0  116    0    1    3]
 [  19    1    1    1    0  150   35]
 [  25    8    1   23    0    1  178]]
Macro Precision/Recall/F-score:  (0.6039113599037451, 0.5347077177916345, 0.5424038695898724, None)

epoch 2/30
ex_result
Accuracy:  0.4072067531813028
Confusion Metric: 
 [[3101  424   19    0    0    0    0]
 [1597  130    6    0    0    0    0]
 [ 318    4    1    0    0    0    0]
 [ 528 1047    3    0    0    0    0]
 [ 182  130    4    0    0    0    0]
 [  29    3  175    0    0    0    0]
 [  36   21  179    0    0    0    0]]
Macro Precision/Recall/F-score:  (0.08742510094933258, 0.13615862872618906, 0.1059505944397089, None)
Accuracy:  0.6823736928310444
Confusion Metric: 
 [[2845  335   10  324    0    8   22]
 [ 628  999   21   74    0    3    8]
 [  61  140  118    2    0    2    0]
 [ 442   34    0 1099    0    3    0]
 [ 189   35    0   88    0    1    3]
 [  14    0    1    0    0  174   18]
 [  28    6    0   17    0    4  181]]
Macro Precision/Recall/F-score:  (0.6379278492103311, 0.5783610560180587, 0.5959647605545965, None)

epoch 3/30
ex_result
Accuracy:  0.4072067531813028
Confusion Metric: 
 [[3101  424   19    0    0    0    0]
 [1597  130    6    0    0    0    0]
 [ 318    4    1    0    0    0    0]
 [ 528 1047    3    0    0    0    0]
 [ 182  130    4    0    0    0    0]
 [  29    3  175    0    0    0    0]
 [  36   21  179    0    0    0    0]]
Macro Precision/Recall/F-score:  (0.08742510094933258, 0.13615862872618906, 0.1059505944397089, None)
Accuracy:  0.6963588257528033
Confusion Metric: 
 [[2805  367   18  310    0   13   31]
 [ 540 1073   29   79    0    4    8]
 [  47   86  186    2    0    2    0]
 [ 432   42    0 1100    0    1    3]
 [ 193   40    0   78    0    1    4]
 [  12    1    1    0    0  176   17]
 [  24    5    1   17    0    2  187]]
Macro Precision/Recall/F-score:  (0.6391954385717564, 0.6180266890935389, 0.6254502897719431, None)

epoch 4/30
ex_result
Accuracy:  0.4072067531813028
Confusion Metric: 
 [[3101  424   19    0    0    0    0]
 [1597  130    6    0    0    0    0]
 [ 318    4    1    0    0    0    0]
 [ 528 1047    3    0    0    0    0]
 [ 182  130    4    0    0    0    0]
 [  29    3  175    0    0    0    0]
 [  36   21  179    0    0    0    0]]
Macro Precision/Recall/F-score:  (0.08742510094933258, 0.13615862872618906, 0.1059505944397089, None)
Accuracy:  0.7024064508000504
Confusion Metric: 
 [[2774  392    5  337    0    7   29]
 [ 487 1135   20   78    1    3    9]
 [  49   89  182    2    0    1    0]
 [ 411   43    0 1117    1    1    5]
 [ 177   45    0   89    1    1    3]
 [  14    0    1    0    0  177   15]
 [  22    8    0   16    0    1  189]]
Macro Precision/Recall/F-score:  (0.7058071477738048, 0.6240107195485065, 0.6363235793935222, None)

epoch 5/30
ex_result
Accuracy:  0.4072067531813028
Confusion Metric: 
 [[3101  424   19    0    0    0    0]
 [1597  130    6    0    0    0    0]
 [ 318    4    1    0    0    0    0]
 [ 528 1047    3    0    0    0    0]
 [ 182  130    4    0    0    0    0]
 [  29    3  175    0    0    0    0]
 [  36   21  179    0    0    0    0]]
Macro Precision/Recall/F-score:  (0.08742510094933258, 0.13615862872618906, 0.1059505944397089, None)
Accuracy:  0.7025324429885347
Confusion Metric: 
 [[2762  355    8  382    0    8   29]
 [ 499 1084   30  105    1    3   11]
 [  42   72  204    3    0    2    0]
 [ 379   38    1 1154    1    1    4]
 [ 169   44    0   99    0    1    3]
 [  13    0    1    0    0  184    9]
 [  25    6    0   15    0    2  188]]
Macro Precision/Recall/F-score:  (0.652362857645077, 0.6361762475621918, 0.6415071376682846, None)

epoch 6/30
ex_result
Accuracy:  0.4072067531813028
Confusion Metric: 
 [[3101  424   19    0    0    0    0]
 [1597  130    6    0    0    0    0]
 [ 318    4    1    0    0    0    0]
 [ 528 1047    3    0    0    0    0]
 [ 182  130    4    0    0    0    0]
 [  29    3  175    0    0    0    0]
 [  36   21  179    0    0    0    0]]
Macro Precision/Recall/F-score:  (0.08742510094933258, 0.13615862872618906, 0.1059505944397089, None)
Accuracy:  0.7128638024442484
Confusion Metric: 
 [[2897  346   13  250    0    8   30]
 [ 508 1112   39   59    0    3   12]
 [  39   66  215    2    0    1    0]
 [ 475   37    1 1059    2    1    3]
 [ 192   48    0   70    1    1    4]
 [  14    0    1    0    0  184    8]
 [  24    4    1   15    0    2  190]]
Macro Precision/Recall/F-score:  (0.7049049466253937, 0.6418536156333392, 0.6483524864768171, None)

epoch 7/30
ex_result
Accuracy:  0.4072067531813028
Confusion Metric: 
 [[3101  424   19    0    0    0    0]
 [1597  130    6    0    0    0    0]
 [ 318    4    1    0    0    0    0]
 [ 528 1047    3    0    0    0    0]
 [ 182  130    4    0    0    0    0]
 [  29    3  175    0    0    0    0]
 [  36   21  179    0    0    0    0]]
Macro Precision/Recall/F-score:  (0.08742510094933258, 0.13615862872618906, 0.1059505944397089, None)
Accuracy:  0.7103439586745621
Confusion Metric: 
 [[2809  356    9  326    4   14   26]
 [ 485 1117   32   86    2    3    8]
 [  44   67  209    2    0    1    0]
 [ 404   41    1 1127    1    1    3]
 [ 169   50    0   90    3    1    3]
 [  10    0    1    0    0  189    7]
 [  28    5    1   15    0    3  184]]
Macro Precision/Recall/F-score:  (0.6989865003589262, 0.6429437750219156, 0.6494655186128562, None)

epoch 8/30
ex_result
Accuracy:  0.4072067531813028
Confusion Metric: 
 [[3101  424   19    0    0    0    0]
 [1597  130    6    0    0    0    0]
 [ 318    4    1    0    0    0    0]
 [ 528 1047    3    0    0    0    0]
 [ 182  130    4    0    0    0    0]
 [  29    3  175    0    0    0    0]
 [  36   21  179    0    0    0    0]]
Macro Precision/Recall/F-score:  (0.08742510094933258, 0.13615862872618906, 0.1059505944397089, None)
Accuracy:  0.7151316618369661
Confusion Metric: 
 [[2734  367   21  373    5   12   32]
 [ 446 1132   48   87    4    3   13]
 [  34   47  239    2    0    1    0]
 [ 340   43    0 1189    2    1    3]
 [ 152   54    0  103    1    1    5]
 [   9    0    1    1    0  187    9]
 [  16    5    1   20    0    0  194]]
Macro Precision/Recall/F-score:  (0.6591200673913364, 0.6638072624388602, 0.6554388340292869, None)

epoch 9/30
ex_result
Accuracy:  0.4072067531813028
Confusion Metric: 
 [[3101  424   19    0    0    0    0]
 [1597  130    6    0    0    0    0]
 [ 318    4    1    0    0    0    0]
 [ 528 1047    3    0    0    0    0]
 [ 182  130    4    0    0    0    0]
 [  29    3  175    0    0    0    0]
 [  36   21  179    0    0    0    0]]
Macro Precision/Recall/F-score:  (0.08742510094933258, 0.13615862872618906, 0.1059505944397089, None)
Accuracy:  0.7181554743605897
Confusion Metric: 
 [[2816  316   12  357    8   11   24]
 [ 494 1098   40   85    5    3    8]
 [  36   57  226    3    0    1    0]
 [ 354   41    1 1172    6    1    3]
 [ 156   48    0   95   13    1    3]
 [   9    0    1    0    0  191    6]
 [  26    5    1   18    0    2  184]]
Macro Precision/Recall/F-score:  (0.7185481879833601, 0.659153434597292, 0.6663098959371566, None)

epoch 10/30
ex_result
Accuracy:  0.4072067531813028
Confusion Metric: 
 [[3101  424   19    0    0    0    0]
 [1597  130    6    0    0    0    0]
 [ 318    4    1    0    0    0    0]
 [ 528 1047    3    0    0    0    0]
 [ 182  130    4    0    0    0    0]
 [  29    3  175    0    0    0    0]
 [  36   21  179    0    0    0    0]]
Macro Precision/Recall/F-score:  (0.08742510094933258, 0.13615862872618906, 0.1059505944397089, None)
Accuracy:  0.7200453571878543
Confusion Metric: 
 [[2790  339    5  359   13    8   30]
 [ 465 1133   30   83    8    3   11]
 [  42   70  207    3    0    1    0]
 [ 338   42    1 1187    6    1    3]
 [ 148   51    0   91   20    1    5]
 [   9    0    1    1    0  188    8]
 [  22    5    0   19    0    0  190]]
Macro Precision/Recall/F-score:  (0.725313612904009, 0.658671276939437, 0.6702035919398848, None)

epoch 11/30
ex_result
Accuracy:  0.4072067531813028
Confusion Metric: 
 [[3101  424   19    0    0    0    0]
 [1597  130    6    0    0    0    0]
 [ 318    4    1    0    0    0    0]
 [ 528 1047    3    0    0    0    0]
 [ 182  130    4    0    0    0    0]
 [  29    3  175    0    0    0    0]
 [  36   21  179    0    0    0    0]]
Macro Precision/Recall/F-score:  (0.08742510094933258, 0.13615862872618906, 0.1059505944397089, None)
Accuracy:  0.7175255134181681
Confusion Metric: 
 [[2872  351    7  271   10    8   25]
 [ 478 1140   37   62    5    2    9]
 [  41   58  221    2    0    1    0]
 [ 434   57    0 1073   10    1    3]
 [ 171   58    0   69   14    1    3]
 [  13    0    1    0    0  188    5]
 [  24    6    1   15    0    3  187]]
Macro Precision/Recall/F-score:  (0.7183173464768741, 0.6538967107817554, 0.667016638157138, None)

epoch 12/30
ex_result
Accuracy:  0.4072067531813028
Confusion Metric: 
 [[3101  424   19    0    0    0    0]
 [1597  130    6    0    0    0    0]
 [ 318    4    1    0    0    0    0]
 [ 528 1047    3    0    0    0    0]
 [ 182  130    4    0    0    0    0]
 [  29    3  175    0    0    0    0]
 [  36   21  179    0    0    0    0]]
Macro Precision/Recall/F-score:  (0.08742510094933258, 0.13615862872618906, 0.1059505944397089, None)
Accuracy:  0.7192894040569485
Confusion Metric: 
 [[2853  293    3  346   11   13   25]
 [ 519 1084   29   83    4    3   11]
 [  45   65  209    3    0    1    0]
 [ 366   33    1 1166    8    1    3]
 [ 159   46    0   90   17    1    3]
 [  10    1    0    0    0  190    6]
 [  22    5    0   17    0    2  190]]
Macro Precision/Recall/F-score:  (0.7284436743321325, 0.6561789892298435, 0.6686346210867035, None)

epoch 13/30
ex_result
Accuracy:  0.4072067531813028
Confusion Metric: 
 [[3101  424   19    0    0    0    0]
 [1597  130    6    0    0    0    0]
 [ 318    4    1    0    0    0    0]
 [ 528 1047    3    0    0    0    0]
 [ 182  130    4    0    0    0    0]
 [  29    3  175    0    0    0    0]
 [  36   21  179    0    0    0    0]]
Macro Precision/Recall/F-score:  (0.08742510094933258, 0.13615862872618906, 0.1059505944397089, None)
Accuracy:  0.7218092478266348
Confusion Metric: 
 [[2783  364    7  344   10   12   24]
 [ 437 1166   39   74    3    5    9]
 [  33   57  229    3    0    1    0]
 [ 361   46    0 1161    6    1    3]
 [ 146   56    1   97   13    1    2]
 [   9    0    1    0    0  192    5]
 [  28    4    1   15    0    3  185]]
Macro Precision/Recall/F-score:  (0.7202061687609469, 0.6650551610509563, 0.6703834966187102, None)

epoch 14/30
ex_result
Accuracy:  0.4072067531813028
Confusion Metric: 
 [[3101  424   19    0    0    0    0]
 [1597  130    6    0    0    0    0]
 [ 318    4    1    0    0    0    0]
 [ 528 1047    3    0    0    0    0]
 [ 182  130    4    0    0    0    0]
 [  29    3  175    0    0    0    0]
 [  36   21  179    0    0    0    0]]
Macro Precision/Recall/F-score:  (0.08742510094933258, 0.13615862872618906, 0.1059505944397089, None)
Accuracy:  0.7254630212926798
Confusion Metric: 
 [[2895  312   10  294    3    7   23]
 [ 499 1112   39   69    3    2    9]
 [  31   57  232    2    0    1    0]
 [ 397   38    1 1130    8    1    3]
 [ 173   45    0   83   12    1    2]
 [  12    0    1    0    0  191    3]
 [  29    5    0   13    0    3  186]]
Macro Precision/Recall/F-score:  (0.7382558455571743, 0.6631019451885755, 0.6737897771243709, None)

epoch 15/30
ex_result
Accuracy:  0.4072067531813028
Confusion Metric: 
 [[3101  424   19    0    0    0    0]
 [1597  130    6    0    0    0    0]
 [ 318    4    1    0    0    0    0]
 [ 528 1047    3    0    0    0    0]
 [ 182  130    4    0    0    0    0]
 [  29    3  175    0    0    0    0]
 [  36   21  179    0    0    0    0]]
Macro Precision/Recall/F-score:  (0.08742510094933258, 0.13615862872618906, 0.1059505944397089, None)
Accuracy:  0.7262189744235857
Confusion Metric: 
 [[2864  334    7  276   21   11   31]
 [ 460 1158   30   68    4    2   11]
 [  38   62  220    2    0    1    0]
 [ 388   50    0 1117   19    1    3]
 [ 162   47    0   71   30    1    5]
 [  13    0    1    0    0  190    3]
 [  25    5    0   18    0    3  185]]
Macro Precision/Recall/F-score:  (0.7269393664948681, 0.6660019777545472, 0.6809548060085788, None)

epoch 16/30
ex_result
Accuracy:  0.4072067531813028
Confusion Metric: 
 [[3101  424   19    0    0    0    0]
 [1597  130    6    0    0    0    0]
 [ 318    4    1    0    0    0    0]
 [ 528 1047    3    0    0    0    0]
 [ 182  130    4    0    0    0    0]
 [  29    3  175    0    0    0    0]
 [  36   21  179    0    0    0    0]]
Macro Precision/Recall/F-score:  (0.08742510094933258, 0.13615862872618906, 0.1059505944397089, None)
Accuracy:  0.7249590525387426
Confusion Metric: 
 [[2907  280    4  305   16    9   23]
 [ 537 1080   30   70    4    2   10]
 [  44   56  219    3    0    1    0]
 [ 385   37    0 1140   12    1    3]
 [ 168   40    0   81   22    1    4]
 [  10    0    1    0    0  191    5]
 [  23    4    1   13    0    0  195]]
Macro Precision/Recall/F-score:  (0.7360895009573198, 0.666072164547306, 0.6814104592276723, None)

epoch 17/30
ex_result
Accuracy:  0.4072067531813028
Confusion Metric: 
 [[3101  424   19    0    0    0    0]
 [1597  130    6    0    0    0    0]
 [ 318    4    1    0    0    0    0]
 [ 528 1047    3    0    0    0    0]
 [ 182  130    4    0    0    0    0]
 [  29    3  175    0    0    0    0]
 [  36   21  179    0    0    0    0]]
Macro Precision/Recall/F-score:  (0.08742510094933258, 0.13615862872618906, 0.1059505944397089, None)
Accuracy:  0.7289908025702406
Confusion Metric: 
 [[2904  266    9  315   14   11   25]
 [ 509 1086   47   74    5    2   10]
 [  36   42  241    3    0    1    0]
 [ 376   36    0 1153   10    1    2]
 [ 170   38    0   82   23    1    2]
 [  10    0    1    0    0  191    5]
 [  25    4    1   16    0    2  188]]
Macro Precision/Recall/F-score:  (0.7332400744866193, 0.6735677323418386, 0.6831513417536075, None)

epoch 18/30
ex_result
Accuracy:  0.4072067531813028
Confusion Metric: 
 [[3101  424   19    0    0    0    0]
 [1597  130    6    0    0    0    0]
 [ 318    4    1    0    0    0    0]
 [ 528 1047    3    0    0    0    0]
 [ 182  130    4    0    0    0    0]
 [  29    3  175    0    0    0    0]
 [  36   21  179    0    0    0    0]]
Macro Precision/Recall/F-score:  (0.08742510094933258, 0.13615862872618906, 0.1059505944397089, None)
Accuracy:  0.7257150056696485
Confusion Metric: 
 [[2946  235    5  289   31   11   27]
 [ 575 1036   35   71    4    2   10]
 [  39   53  227    3    0    1    0]
 [ 398   29    0 1132   15    1    3]
 [ 166   34    0   76   36    1    3]
 [   8    0    1    0    0  193    5]
 [  26    4    1   12    0    3  190]]
Macro Precision/Recall/F-score:  (0.7342238649443559, 0.6715139220612073, 0.687628938629096, None)

epoch 19/30
ex_result
Accuracy:  0.4072067531813028
Confusion Metric: 
 [[3101  424   19    0    0    0    0]
 [1597  130    6    0    0    0    0]
 [ 318    4    1    0    0    0    0]
 [ 528 1047    3    0    0    0    0]
 [ 182  130    4    0    0    0    0]
 [  29    3  175    0    0    0    0]
 [  36   21  179    0    0    0    0]]
Macro Precision/Recall/F-score:  (0.08742510094933258, 0.13615862872618906, 0.1059505944397089, None)
Accuracy:  0.7315106463399269
Confusion Metric: 
 [[2838  324    4  337    8    5   28]
 [ 450 1166   25   75    2    3   12]
 [  39   63  217    3    0    1    0]
 [ 349   35    0 1184    8    0    2]
 [ 160   44    0   89   19    1    3]
 [  12    0    1    1    0  189    4]
 [  23    5    0   15    0    0  193]]
Macro Precision/Recall/F-score:  (0.7542262225811093, 0.6695317024395367, 0.6837989842001687, None)

epoch 20/30
ex_result
Accuracy:  0.4072067531813028
Confusion Metric: 
 [[3101  424   19    0    0    0    0]
 [1597  130    6    0    0    0    0]
 [ 318    4    1    0    0    0    0]
 [ 528 1047    3    0    0    0    0]
 [ 182  130    4    0    0    0    0]
 [  29    3  175    0    0    0    0]
 [  36   21  179    0    0    0    0]]
Macro Precision/Recall/F-score:  (0.08742510094933258, 0.13615862872618906, 0.1059505944397089, None)
Accuracy:  0.733148544790223
Confusion Metric: 
 [[2952  248    4  295   13   12   20]
 [ 525 1090   19   83    2    3   11]
 [  43   59  217    3    0    1    0]
 [ 382   23    0 1163    8    0    2]
 [ 173   32    0   81   27    1    2]
 [  12    0    1    1    0  189    4]
 [  30    5    0   17    0    3  181]]
Macro Precision/Recall/F-score:  (0.7629199204559336, 0.6623136265462427, 0.6851051656832793, None)

epoch 21/30
ex_result
Accuracy:  0.4072067531813028
Confusion Metric: 
 [[3101  424   19    0    0    0    0]
 [1597  130    6    0    0    0    0]
 [ 318    4    1    0    0    0    0]
 [ 528 1047    3    0    0    0    0]
 [ 182  130    4    0    0    0    0]
 [  29    3  175    0    0    0    0]
 [  36   21  179    0    0    0    0]]
Macro Precision/Recall/F-score:  (0.08742510094933258, 0.13615862872618906, 0.1059505944397089, None)
Accuracy:  0.735164419805972
Confusion Metric: 
 [[2861  331    6  282   35   10   19]
 [ 421 1195   31   65    8    4    9]
 [  35   60  224    3    0    1    0]
 [ 379   45    1 1132   18    0    3]
 [ 154   42    0   73   43    1    3]
 [   9    0    1    1    0  193    3]
 [  31    5    0   12    0    1  187]]
Macro Precision/Recall/F-score:  (0.7412304709668395, 0.6812162539385761, 0.6997135727274882, None)

epoch 22/30
ex_result
Accuracy:  0.4072067531813028
Confusion Metric: 
 [[3101  424   19    0    0    0    0]
 [1597  130    6    0    0    0    0]
 [ 318    4    1    0    0    0    0]
 [ 528 1047    3    0    0    0    0]
 [ 182  130    4    0    0    0    0]
 [  29    3  175    0    0    0    0]
 [  36   21  179    0    0    0    0]]
Macro Precision/Recall/F-score:  (0.08742510094933258, 0.13615862872618906, 0.1059505944397089, None)
Accuracy:  0.7385662088950485
Confusion Metric: 
 [[2853  352    8  291    9    8   23]
 [ 413 1211   28   66    2    3   10]
 [  28   63  230    1    0    1    0]
 [ 356   45    0 1164   10    1    2]
 [ 161   49    1   78   24    1    2]
 [  10    0    1    1    0  190    5]
 [  25    5    0   16    0    0  190]]
Macro Precision/Recall/F-score:  (0.7579386556723967, 0.6789194571160574, 0.6927162360301613, None)

epoch 23/30
ex_result
Accuracy:  0.4072067531813028
Confusion Metric: 
 [[3101  424   19    0    0    0    0]
 [1597  130    6    0    0    0    0]
 [ 318    4    1    0    0    0    0]
 [ 528 1047    3    0    0    0    0]
 [ 182  130    4    0    0    0    0]
 [  29    3  175    0    0    0    0]
 [  36   21  179    0    0    0    0]]
Macro Precision/Recall/F-score:  (0.08742510094933258, 0.13615862872618906, 0.1059505944397089, None)
Accuracy:  0.7362983495023309
Confusion Metric: 
 [[2860  299    9  313   27   13   23]
 [ 457 1136   41   83    5    3    8]
 [  33   45  241    3    0    1    0]
 [ 322   39    0 1195   20    0    2]
 [ 161   40    1   78   33    1    2]
 [   8    0    1    1    0  195    2]
 [  28    4    1   16    0    3  184]]
Macro Precision/Recall/F-score:  (0.7309794157586541, 0.6845780767019118, 0.6950744512281137, None)

epoch 24/30
ex_result
Accuracy:  0.4072067531813028
Confusion Metric: 
 [[3101  424   19    0    0    0    0]
 [1597  130    6    0    0    0    0]
 [ 318    4    1    0    0    0    0]
 [ 528 1047    3    0    0    0    0]
 [ 182  130    4    0    0    0    0]
 [  29    3  175    0    0    0    0]
 [  36   21  179    0    0    0    0]]
Macro Precision/Recall/F-score:  (0.08742510094933258, 0.13615862872618906, 0.1059505944397089, None)
Accuracy:  0.7292427869472092
Confusion Metric: 
 [[2940  276    5  255   37    9   22]
 [ 503 1107   35   74    5    2    7]
 [  38   56  226    2    0    1    0]
 [ 412   44    1 1091   27    0    3]
 [ 171   38    0   64   40    1    2]
 [   8    1    0    0    0  194    4]
 [  27    4    1   13    1    0  190]]
Macro Precision/Recall/F-score:  (0.7354205645543962, 0.6754692548338214, 0.6952250866321293, None)

epoch 25/30
ex_result
Accuracy:  0.4072067531813028
Confusion Metric: 
 [[3101  424   19    0    0    0    0]
 [1597  130    6    0    0    0    0]
 [ 318    4    1    0    0    0    0]
 [ 528 1047    3    0    0    0    0]
 [ 182  130    4    0    0    0    0]
 [  29    3  175    0    0    0    0]
 [  36   21  179    0    0    0    0]]
Macro Precision/Recall/F-score:  (0.08742510094933258, 0.13615862872618906, 0.1059505944397089, None)
Accuracy:  0.7354164041829406
Confusion Metric: 
 [[2880  291    6  299   29   11   28]
 [ 478 1146   27   66    5    2    9]
 [  35   54  230    3    0    1    0]
 [ 355   38    0 1163   18    1    3]
 [ 169   39    0   74   29    1    4]
 [   9    1    0    0    0  193    4]
 [  18    5    0   16    0    1  196]]
Macro Precision/Recall/F-score:  (0.7329483597147093, 0.6825218643900366, 0.6946875822328484, None)

epoch 26/30
ex_result
Accuracy:  0.4072067531813028
Confusion Metric: 
 [[3101  424   19    0    0    0    0]
 [1597  130    6    0    0    0    0]
 [ 318    4    1    0    0    0    0]
 [ 528 1047    3    0    0    0    0]
 [ 182  130    4    0    0    0    0]
 [  29    3  175    0    0    0    0]
 [  36   21  179    0    0    0    0]]
Macro Precision/Recall/F-score:  (0.08742510094933258, 0.13615862872618906, 0.1059505944397089, None)
Accuracy:  0.7414640292301877
Confusion Metric: 
 [[2904  289    7  275   30   14   25]
 [ 450 1176   35   55    4    3   10]
 [  34   46  239    3    0    1    0]
 [ 375   38    0 1141   22    0    2]
 [ 160   42    1   63   45    1    4]
 [   9    1    0    1    0  192    4]
 [  25    4    1   16    0    2  188]]
Macro Precision/Recall/F-score:  (0.743329796532577, 0.689651692611509, 0.7042886914205558, None)

epoch 27/30
ex_result
Accuracy:  0.4072067531813028
Confusion Metric: 
 [[3101  424   19    0    0    0    0]
 [1597  130    6    0    0    0    0]
 [ 318    4    1    0    0    0    0]
 [ 528 1047    3    0    0    0    0]
 [ 182  130    4    0    0    0    0]
 [  29    3  175    0    0    0    0]
 [  36   21  179    0    0    0    0]]
Macro Precision/Recall/F-score:  (0.08742510094933258, 0.13615862872618906, 0.1059505944397089, None)
Accuracy:  0.7410860526647348
Confusion Metric: 
 [[2890  279   12  307   17   13   26]
 [ 463 1135   50   68    3    2   12]
 [  32   42  246    2    0    1    0]
 [ 327   34    1 1199   14    1    2]
 [ 161   41    1   83   26    1    3]
 [   7    0    1    0    0  195    4]
 [  25    4    1   15    0    0  191]]
Macro Precision/Recall/F-score:  (0.7336496928402035, 0.6893511946824148, 0.6936470743043043, None)

epoch 28/30
ex_result
Accuracy:  0.4072067531813028
Confusion Metric: 
 [[3101  424   19    0    0    0    0]
 [1597  130    6    0    0    0    0]
 [ 318    4    1    0    0    0    0]
 [ 528 1047    3    0    0    0    0]
 [ 182  130    4    0    0    0    0]
 [  29    3  175    0    0    0    0]
 [  36   21  179    0    0    0    0]]
Macro Precision/Recall/F-score:  (0.08742510094933258, 0.13615862872618906, 0.1059505944397089, None)
Accuracy:  0.7378102557641426
Confusion Metric: 
 [[2895  301    5  291   16    8   28]
 [ 458 1163   22   71    5    2   12]
 [  34   59  226    3    0    1    0]
 [ 362   40    0 1157   16    0    3]
 [ 161   41    0   77   33    1    3]
 [  13    1    0    1    0  189    3]
 [  23    4    1   14    0    1  193]]
Macro Precision/Recall/F-score:  (0.7525246640720393, 0.6794473778264097, 0.6971488442742132, None)

epoch 29/30
ex_result
Accuracy:  0.4072067531813028
Confusion Metric: 
 [[3101  424   19    0    0    0    0]
 [1597  130    6    0    0    0    0]
 [ 318    4    1    0    0    0    0]
 [ 528 1047    3    0    0    0    0]
 [ 182  130    4    0    0    0    0]
 [  29    3  175    0    0    0    0]
 [  36   21  179    0    0    0    0]]
Macro Precision/Recall/F-score:  (0.08742510094933258, 0.13615862872618906, 0.1059505944397089, None)
Accuracy:  0.7376842635756583
Confusion Metric: 
 [[2951  281    6  247   26    7   26]
 [ 492 1127   26   71    5    3    9]
 [  34   54  231    3    0    1    0]
 [ 395   33    0 1124   23    0    3]
 [ 166   41    0   68   38    1    2]
 [  12    1    0    0    0  190    4]
 [  24    5    0   11    0    2  194]]
Macro Precision/Recall/F-score:  (0.7472314881746022, 0.681516870431279, 0.7007845817733803, None)

best_epoch:  26 0.7042886914205558 0.7414640292301877


time= 1232
use 343 from author
Loading Data...
len(test_X):  981
len(train_X):  3803
paragraph level BiLSTM label embedding 3 class

epoch 0/30
ex_result
Accuracy:  0.39548947965226156
Confusion Metric: 
 [[2997  522   25    0    0    0    0]
 [1585  141    7    0    0    0    0]
 [ 316    6    1    0    0    0    0]
 [ 457 1112    9    0    0    0    0]
 [ 169  143    4    0    0    0    0]
 [  21    5  181    0    0    0    0]
 [  28   20  188    0    0    0    0]]
Macro Precision/Recall/F-score:  (0.08750368979517421, 0.13287320044541742, 0.10525027815784341, None)
Accuracy:  0.6310948721179287
Confusion Metric: 
 [[2921  256    6  335    0   24    2]
 [ 870  782   11   63    0    5    2]
 [ 106  182   30    4    0    1    0]
 [ 482   15    0 1073    0    8    0]
 [ 209   14    1   88    0    4    0]
 [  22    1    0    3    0  180    1]
 [  26    6    1   16    0  164   23]]
Macro Precision/Recall/F-score:  (0.5472757965494903, 0.4307610440585874, 0.4084517363401092, None)

epoch 1/30
ex_result
Accuracy:  0.39548947965226156
Confusion Metric: 
 [[2997  522   25    0    0    0    0]
 [1585  141    7    0    0    0    0]
 [ 316    6    1    0    0    0    0]
 [ 457 1112    9    0    0    0    0]
 [ 169  143    4    0    0    0    0]
 [  21    5  181    0    0    0    0]
 [  28   20  188    0    0    0    0]]
Macro Precision/Recall/F-score:  (0.08750368979517421, 0.13287320044541742, 0.10525027815784341, None)
Accuracy:  0.6527655285372307
Confusion Metric: 
 [[3050  180    9  279    0    7   19]
 [ 962  685   24   55    0    1    6]
 [ 124  121   74    3    0    1    0]
 [ 522   15    0 1033    0    2    6]
 [ 223   16    1   72    0    1    3]
 [  19    1    1    2    0  166   18]
 [  30    6    1   14    0   12  173]]
Macro Precision/Recall/F-score:  (0.6159159633351946, 0.5249413274903358, 0.5465546103606284, None)

epoch 2/30
ex_result
Accuracy:  0.39548947965226156
Confusion Metric: 
 [[2997  522   25    0    0    0    0]
 [1585  141    7    0    0    0    0]
 [ 316    6    1    0    0    0    0]
 [ 457 1112    9    0    0    0    0]
 [ 169  143    4    0    0    0    0]
 [  21    5  181    0    0    0    0]
 [  28   20  188    0    0    0    0]]
Macro Precision/Recall/F-score:  (0.08750368979517421, 0.13287320044541742, 0.10525027815784341, None)
Accuracy:  0.6651127630086935
Confusion Metric: 
 [[3032  174    6  307    0   12   13]
 [ 922  724   23   55    0    3    6]
 [ 107   96  115    4    0    1    0]
 [ 482   23    0 1064    2    3    4]
 [ 213   23    1   74    1    1    3]
 [  19    1    1    2    0  173   11]
 [  28    4    0   17    0   17  170]]
Macro Precision/Recall/F-score:  (0.6841123370352438, 0.5518376908596284, 0.5754089122063065, None)

epoch 3/30
ex_result
Accuracy:  0.39548947965226156
Confusion Metric: 
 [[2997  522   25    0    0    0    0]
 [1585  141    7    0    0    0    0]
 [ 316    6    1    0    0    0    0]
 [ 457 1112    9    0    0    0    0]
 [ 169  143    4    0    0    0    0]
 [  21    5  181    0    0    0    0]
 [  28   20  188    0    0    0    0]]
Macro Precision/Recall/F-score:  (0.08750368979517421, 0.13287320044541742, 0.10525027815784341, None)
Accuracy:  0.6899332241401033
Confusion Metric: 
 [[2952  287    4  280    0    5   16]
 [ 696  950   29   51    0    3    4]
 [  62   95  162    3    0    1    0]
 [ 476   37    0 1055    3    1    6]
 [ 205   35    1   67    4    1    3]
 [  19    0    1    1    0  174   12]
 [  34    5    1   14    0    3  179]]
Macro Precision/Recall/F-score:  (0.7406401895089865, 0.5947096803712993, 0.6212283414061769, None)

epoch 4/30
ex_result
Accuracy:  0.39548947965226156
Confusion Metric: 
 [[2997  522   25    0    0    0    0]
 [1585  141    7    0    0    0    0]
 [ 316    6    1    0    0    0    0]
 [ 457 1112    9    0    0    0    0]
 [ 169  143    4    0    0    0    0]
 [  21    5  181    0    0    0    0]
 [  28   20  188    0    0    0    0]]
Macro Precision/Recall/F-score:  (0.08750368979517421, 0.13287320044541742, 0.10525027815784341, None)
Accuracy:  0.6953508882449289
Confusion Metric: 
 [[2938  249    6  321    1    9   20]
 [ 727  909   32   53    2    3    7]
 [  55   84  180    3    0    1    0]
 [ 418   28    0 1124    0    0    8]
 [ 195   32    2   80    2    1    4]
 [  14    0    1    1    0  178   13]
 [  24    4    1   17    0    2  188]]
Macro Precision/Recall/F-score:  (0.7118264331715582, 0.6122775669811675, 0.6284149680709722, None)

epoch 5/30
ex_result
Accuracy:  0.39548947965226156
Confusion Metric: 
 [[2997  522   25    0    0    0    0]
 [1585  141    7    0    0    0    0]
 [ 316    6    1    0    0    0    0]
 [ 457 1112    9    0    0    0    0]
 [ 169  143    4    0    0    0    0]
 [  21    5  181    0    0    0    0]
 [  28   20  188    0    0    0    0]]
Macro Precision/Recall/F-score:  (0.08750368979517421, 0.13287320044541742, 0.10525027815784341, None)
Accuracy:  0.6977447398261308
Confusion Metric: 
 [[3021  245    5  239   10    5   19]
 [ 717  934   29   39    6    3    5]
 [  59   79  182    2    0    1    0]
 [ 491   48    0 1024    5    0   10]
 [ 194   40    2   63   13    1    3]
 [  19    0    1    1    0  177    9]
 [  28    4    0   14    1    2  187]]
Macro Precision/Recall/F-score:  (0.7202004997665686, 0.6131930284918391, 0.6404653489634173, None)

epoch 6/30
ex_result
Accuracy:  0.39548947965226156
Confusion Metric: 
 [[2997  522   25    0    0    0    0]
 [1585  141    7    0    0    0    0]
 [ 316    6    1    0    0    0    0]
 [ 457 1112    9    0    0    0    0]
 [ 169  143    4    0    0    0    0]
 [  21    5  181    0    0    0    0]
 [  28   20  188    0    0    0    0]]
Macro Precision/Recall/F-score:  (0.08750368979517421, 0.13287320044541742, 0.10525027815784341, None)
Accuracy:  0.70064256016127
Confusion Metric: 
 [[2967  222    3  305   22    5   20]
 [ 730  902   29   56    8    3    5]
 [  59   75  185    3    0    1    0]
 [ 412   31    0 1114   13    1    7]
 [ 180   33    1   76   21    1    4]
 [  18    0    1    0    0  182    6]
 [  26    3    0   14    1    2  190]]
Macro Precision/Recall/F-score:  (0.7169443595178054, 0.6267363064843493, 0.6525425836135845, None)

epoch 7/30
ex_result
Accuracy:  0.39548947965226156
Confusion Metric: 
 [[2997  522   25    0    0    0    0]
 [1585  141    7    0    0    0    0]
 [ 316    6    1    0    0    0    0]
 [ 457 1112    9    0    0    0    0]
 [ 169  143    4    0    0    0    0]
 [  21    5  181    0    0    0    0]
 [  28   20  188    0    0    0    0]]
Macro Precision/Recall/F-score:  (0.08750368979517421, 0.13287320044541742, 0.10525027815784341, None)
Accuracy:  0.7020284742345975
Confusion Metric: 
 [[2838  271    6  366   25   11   27]
 [ 623  994   25   69   11    3    8]
 [  50   79  190    3    0    1    0]
 [ 369   31    0 1155   12    2    9]
 [ 166   30    2   93   20    1    4]
 [  12    0    1    1    0  187    6]
 [  24    3    0   17    0    4  188]]
Macro Precision/Recall/F-score:  (0.6989940738916381, 0.636831331045507, 0.6522241094961521, None)

epoch 8/30
ex_result
Accuracy:  0.39548947965226156
Confusion Metric: 
 [[2997  522   25    0    0    0    0]
 [1585  141    7    0    0    0    0]
 [ 316    6    1    0    0    0    0]
 [ 457 1112    9    0    0    0    0]
 [ 169  143    4    0    0    0    0]
 [  21    5  181    0    0    0    0]
 [  28   20  188    0    0    0    0]]
Macro Precision/Recall/F-score:  (0.08750368979517421, 0.13287320044541742, 0.10525027815784341, None)
Accuracy:  0.7087060602242661
Confusion Metric: 
 [[3009  213    4  279    7    6   26]
 [ 704  921   32   60    5    4    7]
 [  54   67  198    2    1    1    0]
 [ 433   23    0 1111    4    0    7]
 [ 200   31    1   65   14    1    4]
 [  14    0    1    1    0  183    8]
 [  27    2    0   16    1    1  189]]
Macro Precision/Recall/F-score:  (0.7326980300041305, 0.6323938680551079, 0.6533194242770095, None)

epoch 9/30
ex_result
Accuracy:  0.39548947965226156
Confusion Metric: 
 [[2997  522   25    0    0    0    0]
 [1585  141    7    0    0    0    0]
 [ 316    6    1    0    0    0    0]
 [ 457 1112    9    0    0    0    0]
 [ 169  143    4    0    0    0    0]
 [  21    5  181    0    0    0    0]
 [  28   20  188    0    0    0    0]]
Macro Precision/Recall/F-score:  (0.08750368979517421, 0.13287320044541742, 0.10525027815784341, None)
Accuracy:  0.7151316618369661
Confusion Metric: 
 [[2792  391    4  312   12    9   24]
 [ 487 1166   16   47    7    3    7]
 [  38   93  188    3    0    1    0]
 [ 383   42    0 1136   10    2    5]
 [ 154   53    3   79   21    1    5]
 [  12    0    1    0    0  189    5]
 [  24    6    0   20    0    2  184]]
Macro Precision/Recall/F-score:  (0.730687524015304, 0.6459620315890343, 0.6651972017057669, None)

epoch 10/30
ex_result
Accuracy:  0.39548947965226156
Confusion Metric: 
 [[2997  522   25    0    0    0    0]
 [1585  141    7    0    0    0    0]
 [ 316    6    1    0    0    0    0]
 [ 457 1112    9    0    0    0    0]
 [ 169  143    4    0    0    0    0]
 [  21    5  181    0    0    0    0]
 [  28   20  188    0    0    0    0]]
Macro Precision/Recall/F-score:  (0.08750368979517421, 0.13287320044541742, 0.10525027815784341, None)
Accuracy:  0.7095880055436563
Confusion Metric: 
 [[2865  260    2  343   32   11   31]
 [ 621 1027   14   53    9    2    7]
 [  44   93  181    4    0    1    0]
 [ 368   34    0 1151   18    1    6]
 [ 165   31    1   84   29    1    5]
 [  12    0    1    1    0  187    6]
 [  25    3    0   14    1    1  192]]
Macro Precision/Recall/F-score:  (0.719285060891295, 0.642787354975255, 0.6643078130901118, None)

epoch 11/30
ex_result
Accuracy:  0.39548947965226156
Confusion Metric: 
 [[2997  522   25    0    0    0    0]
 [1585  141    7    0    0    0    0]
 [ 316    6    1    0    0    0    0]
 [ 457 1112    9    0    0    0    0]
 [ 169  143    4    0    0    0    0]
 [  21    5  181    0    0    0    0]
 [  28   20  188    0    0    0    0]]
Macro Precision/Recall/F-score:  (0.08750368979517421, 0.13287320044541742, 0.10525027815784341, None)
Accuracy:  0.7166435680987778
Confusion Metric: 
 [[2774  355    7  320   51   11   26]
 [ 477 1169   23   41   14    3    6]
 [  34   83  201    3    1    1    0]
 [ 360   49    0 1125   32    1   11]
 [ 157   42    3   68   42    1    3]
 [  11    0    1    0    0  188    7]
 [  28    5    0   12    1    1  189]]
Macro Precision/Recall/F-score:  (0.7103521789477606, 0.6620677663335375, 0.6788722424832103, None)

epoch 12/30
ex_result
Accuracy:  0.39548947965226156
Confusion Metric: 
 [[2997  522   25    0    0    0    0]
 [1585  141    7    0    0    0    0]
 [ 316    6    1    0    0    0    0]
 [ 457 1112    9    0    0    0    0]
 [ 169  143    4    0    0    0    0]
 [  21    5  181    0    0    0    0]
 [  28   20  188    0    0    0    0]]
Macro Precision/Recall/F-score:  (0.08750368979517421, 0.13287320044541742, 0.10525027815784341, None)
Accuracy:  0.7216832556381504
Confusion Metric: 
 [[2927  299    7  260   18    9   24]
 [ 547 1102   28   38   10    1    7]
 [  39   77  205    1    0    1    0]
 [ 421   38    0 1094   17    1    7]
 [ 177   41    3   62   28    1    4]
 [  14    0    1    1    0  185    6]
 [  28    4    0   14    1    2  187]]
Macro Precision/Recall/F-score:  (0.727750588138906, 0.6520646134345351, 0.6739055807830524, None)

epoch 13/30
ex_result
Accuracy:  0.39548947965226156
Confusion Metric: 
 [[2997  522   25    0    0    0    0]
 [1585  141    7    0    0    0    0]
 [ 316    6    1    0    0    0    0]
 [ 457 1112    9    0    0    0    0]
 [ 169  143    4    0    0    0    0]
 [  21    5  181    0    0    0    0]
 [  28   20  188    0    0    0    0]]
Macro Precision/Recall/F-score:  (0.08750368979517421, 0.13287320044541742, 0.10525027815784341, None)
Accuracy:  0.7170215446642308
Confusion Metric: 
 [[2894  312    4  261   40    8   25]
 [ 529 1119   20   40   15    3    7]
 [  43   86  190    2    1    1    0]
 [ 417   45    0 1077   30    2    7]
 [ 172   40    1   56   42    1    4]
 [  14    0    1    0    0  187    5]
 [  29    3    0   19    1    2  182]]
Macro Precision/Recall/F-score:  (0.7223975188796105, 0.6486452562718225, 0.6747010728113405, None)

epoch 14/30
ex_result
Accuracy:  0.39548947965226156
Confusion Metric: 
 [[2997  522   25    0    0    0    0]
 [1585  141    7    0    0    0    0]
 [ 316    6    1    0    0    0    0]
 [ 457 1112    9    0    0    0    0]
 [ 169  143    4    0    0    0    0]
 [  21    5  181    0    0    0    0]
 [  28   20  188    0    0    0    0]]
Macro Precision/Recall/F-score:  (0.08750368979517421, 0.13287320044541742, 0.10525027815784341, None)
Accuracy:  0.7151316618369661
Confusion Metric: 
 [[2899  277    5  304   30    5   24]
 [ 585 1052   29   49    9    3    6]
 [  42   75  200    4    1    1    0]
 [ 394   35    0 1124   19    0    6]
 [ 170   32    2   79   29    1    3]
 [  16    0    1    0    0  184    6]
 [  29    4    0   13    1    1  188]]
Macro Precision/Recall/F-score:  (0.7212925754991344, 0.6476860532138211, 0.6712793031683832, None)

epoch 15/30
ex_result
Accuracy:  0.39548947965226156
Confusion Metric: 
 [[2997  522   25    0    0    0    0]
 [1585  141    7    0    0    0    0]
 [ 316    6    1    0    0    0    0]
 [ 457 1112    9    0    0    0    0]
 [ 169  143    4    0    0    0    0]
 [  21    5  181    0    0    0    0]
 [  28   20  188    0    0    0    0]]
Macro Precision/Recall/F-score:  (0.08750368979517421, 0.13287320044541742, 0.10525027815784341, None)
Accuracy:  0.717903489983621
Confusion Metric: 
 [[2929  252    6  290   30   11   26]
 [ 597 1032   29   56    9    4    6]
 [  46   66  205    5    0    1    0]
 [ 404   29    0 1118   20    2    5]
 [ 169   33    1   74   34    1    4]
 [  13    0    1    0    0  190    3]
 [  24    3    0   16    1    2  190]]
Macro Precision/Recall/F-score:  (0.7240124126162552, 0.6565267380004451, 0.676539317266223, None)

epoch 16/30
ex_result
Accuracy:  0.39548947965226156
Confusion Metric: 
 [[2997  522   25    0    0    0    0]
 [1585  141    7    0    0    0    0]
 [ 316    6    1    0    0    0    0]
 [ 457 1112    9    0    0    0    0]
 [ 169  143    4    0    0    0    0]
 [  21    5  181    0    0    0    0]
 [  28   20  188    0    0    0    0]]
Macro Precision/Recall/F-score:  (0.08750368979517421, 0.13287320044541742, 0.10525027815784341, None)
Accuracy:  0.7230691697114779
Confusion Metric: 
 [[2850  344    6  286   27    7   24]
 [ 476 1170   15   53   13    0    6]
 [  39   87  192    4    0    1    0]
 [ 395   39    0 1119   18    0    7]
 [ 161   45    1   69   35    1    4]
 [  14    0    1    1    0  186    5]
 [  28    4    0   14    1    2  187]]
Macro Precision/Recall/F-score:  (0.7353963329335584, 0.6549345320609434, 0.6803158582395826, None)

epoch 17/30
ex_result
Accuracy:  0.39548947965226156
Confusion Metric: 
 [[2997  522   25    0    0    0    0]
 [1585  141    7    0    0    0    0]
 [ 316    6    1    0    0    0    0]
 [ 457 1112    9    0    0    0    0]
 [ 169  143    4    0    0    0    0]
 [  21    5  181    0    0    0    0]
 [  28   20  188    0    0    0    0]]
Macro Precision/Recall/F-score:  (0.08750368979517421, 0.13287320044541742, 0.10525027815784341, None)
Accuracy:  0.720297341564823
Confusion Metric: 
 [[2974  264    5  249   17    8   27]
 [ 594 1070   19   31    9    3    7]
 [  43   77  200    2    0    1    0]
 [ 435   45    0 1075   19    2    2]
 [ 180   37    2   61   30    1    5]
 [  13    0    1    0    0  190    3]
 [  27    3    0   25    1    2  178]]
Macro Precision/Recall/F-score:  (0.7361181248006583, 0.6462966759805768, 0.673073912642517, None)

epoch 18/30
ex_result
Accuracy:  0.39548947965226156
Confusion Metric: 
 [[2997  522   25    0    0    0    0]
 [1585  141    7    0    0    0    0]
 [ 316    6    1    0    0    0    0]
 [ 457 1112    9    0    0    0    0]
 [ 169  143    4    0    0    0    0]
 [  21    5  181    0    0    0    0]
 [  28   20  188    0    0    0    0]]
Macro Precision/Recall/F-score:  (0.08750368979517421, 0.13287320044541742, 0.10525027815784341, None)
Accuracy:  0.7221872243920877
Confusion Metric: 
 [[2853  386    7  236   39    6   17]
 [ 437 1216   27   32   13    2    6]
 [  28   90  202    2    0    1    0]
 [ 425   66    0 1050   32    0    5]
 [ 159   52    2   55   43    1    4]
 [  13    0    1    1    0  187    5]
 [  32    5    0   14    2    2  181]]
Macro Precision/Recall/F-score:  (0.7280987055446817, 0.6576984218518922, 0.6836252218684129, None)

epoch 19/30
ex_result
Accuracy:  0.39548947965226156
Confusion Metric: 
 [[2997  522   25    0    0    0    0]
 [1585  141    7    0    0    0    0]
 [ 316    6    1    0    0    0    0]
 [ 457 1112    9    0    0    0    0]
 [ 169  143    4    0    0    0    0]
 [  21    5  181    0    0    0    0]
 [  28   20  188    0    0    0    0]]
Macro Precision/Recall/F-score:  (0.08750368979517421, 0.13287320044541742, 0.10525027815784341, None)
Accuracy:  0.7262189744235857
Confusion Metric: 
 [[2821  363    8  276   47    7   22]
 [ 426 1221   24   34   16    5    7]
 [  28   92  200    2    0    1    0]
 [ 375   61    0 1105   31    1    5]
 [ 152   53    1   57   49    1    3]
 [  13    0    1    0    0  187    6]
 [  29    5    0   18    1    2  181]]
Macro Precision/Recall/F-score:  (0.7249130634832129, 0.6636277735720638, 0.686260845544072, None)

epoch 20/30
ex_result
Accuracy:  0.39548947965226156
Confusion Metric: 
 [[2997  522   25    0    0    0    0]
 [1585  141    7    0    0    0    0]
 [ 316    6    1    0    0    0    0]
 [ 457 1112    9    0    0    0    0]
 [ 169  143    4    0    0    0    0]
 [  21    5  181    0    0    0    0]
 [  28   20  188    0    0    0    0]]
Macro Precision/Recall/F-score:  (0.08750368979517421, 0.13287320044541742, 0.10525027815784341, None)
Accuracy:  0.7245810759732897
Confusion Metric: 
 [[2917  324   10  241   27    7   18]
 [ 500 1156   30   25   12    4    6]
 [  35   67  217    2    1    1    0]
 [ 442   52    0 1057   23    0    4]
 [ 170   44    2   59   38    1    2]
 [  16    0    1    0    0  185    5]
 [  34    4    0   13    2    2  181]]
Macro Precision/Recall/F-score:  (0.7334366032172148, 0.6589595148374275, 0.6846021585563195, None)

epoch 21/30
ex_result
Accuracy:  0.39548947965226156
Confusion Metric: 
 [[2997  522   25    0    0    0    0]
 [1585  141    7    0    0    0    0]
 [ 316    6    1    0    0    0    0]
 [ 457 1112    9    0    0    0    0]
 [ 169  143    4    0    0    0    0]
 [  21    5  181    0    0    0    0]
 [  28   20  188    0    0    0    0]]
Macro Precision/Recall/F-score:  (0.08750368979517421, 0.13287320044541742, 0.10525027815784341, None)
Accuracy:  0.7277308806853975
Confusion Metric: 
 [[2868  375    7  248   14    7   25]
 [ 459 1208   27   24    5    6    4]
 [  36   65  219    2    0    1    0]
 [ 402   68    0 1085   16    2    5]
 [ 166   55    1   66   26    1    1]
 [  13    0    1    1    0  187    5]
 [  27    5    0   19    1    1  183]]
Macro Precision/Recall/F-score:  (0.7377546767696374, 0.6618562639660143, 0.6814461265330715, None)

epoch 22/30
ex_result
Accuracy:  0.39548947965226156
Confusion Metric: 
 [[2997  522   25    0    0    0    0]
 [1585  141    7    0    0    0    0]
 [ 316    6    1    0    0    0    0]
 [ 457 1112    9    0    0    0    0]
 [ 169  143    4    0    0    0    0]
 [  21    5  181    0    0    0    0]
 [  28   20  188    0    0    0    0]]
Macro Precision/Recall/F-score:  (0.08750368979517421, 0.13287320044541742, 0.10525027815784341, None)
Accuracy:  0.7229431775229935
Confusion Metric: 
 [[2851  327    6  285   42    8   25]
 [ 486 1152   26   43   16    4    6]
 [  30   78  210    3    1    1    0]
 [ 394   46    0 1110   21    1    6]
 [ 159   39    1   74   38    1    4]
 [  12    0    1    0    0  188    6]
 [  24    4    0   17    1    1  189]]
Macro Precision/Recall/F-score:  (0.7210712257291746, 0.6645844990988181, 0.6838706089213705, None)

epoch 23/30
ex_result
Accuracy:  0.39548947965226156
Confusion Metric: 
 [[2997  522   25    0    0    0    0]
 [1585  141    7    0    0    0    0]
 [ 316    6    1    0    0    0    0]
 [ 457 1112    9    0    0    0    0]
 [ 169  143    4    0    0    0    0]
 [  21    5  181    0    0    0    0]
 [  28   20  188    0    0    0    0]]
Macro Precision/Recall/F-score:  (0.08750368979517421, 0.13287320044541742, 0.10525027815784341, None)
Accuracy:  0.7257150056696485
Confusion Metric: 
 [[2915  330    5  232   32    9   21]
 [ 489 1167   25   27   15    3    7]
 [  40   77  202    2    1    1    0]
 [ 429   56    0 1054   32    1    6]
 [ 166   45    1   55   44    1    4]
 [  13    0    1    1    0  188    4]
 [  26    5    0   10    2    3  190]]
Macro Precision/Recall/F-score:  (0.7309585985090413, 0.6631106519599436, 0.686848061254481, None)

epoch 24/30
ex_result
Accuracy:  0.39548947965226156
Confusion Metric: 
 [[2997  522   25    0    0    0    0]
 [1585  141    7    0    0    0    0]
 [ 316    6    1    0    0    0    0]
 [ 457 1112    9    0    0    0    0]
 [ 169  143    4    0    0    0    0]
 [  21    5  181    0    0    0    0]
 [  28   20  188    0    0    0    0]]
Macro Precision/Recall/F-score:  (0.08750368979517421, 0.13287320044541742, 0.10525027815784341, None)
Accuracy:  0.7265969509890386
Confusion Metric: 
 [[2804  377    8  279   48    8   20]
 [ 412 1236   26   35   15    3    6]
 [  26   76  216    3    1    1    0]
 [ 384   58    0 1107   25    1    3]
 [ 150   50    1   73   38    1    3]
 [  13    0    1    1    0  189    3]
 [  29    4    0   23    1    2  177]]
Macro Precision/Recall/F-score:  (0.7227695299270696, 0.6654226676303869, 0.6865420018643617, None)

epoch 25/30
ex_result
Accuracy:  0.39548947965226156
Confusion Metric: 
 [[2997  522   25    0    0    0    0]
 [1585  141    7    0    0    0    0]
 [ 316    6    1    0    0    0    0]
 [ 457 1112    9    0    0    0    0]
 [ 169  143    4    0    0    0    0]
 [  21    5  181    0    0    0    0]
 [  28   20  188    0    0    0    0]]
Macro Precision/Recall/F-score:  (0.08750368979517421, 0.13287320044541742, 0.10525027815784341, None)
Accuracy:  0.7248330603502583
Confusion Metric: 
 [[2923  299    3  267   26    7   19]
 [ 519 1142   16   38    9    3    6]
 [  44   86  190    2    0    1    0]
 [ 408   49    0 1096   21    0    4]
 [ 171   42    0   71   30    1    1]
 [  13    0    1    1    0  188    4]
 [  29    5    0   16    1    1  184]]
Macro Precision/Recall/F-score:  (0.7399105222617981, 0.6499061127787088, 0.6789806688935679, None)

epoch 26/30
ex_result
Accuracy:  0.39548947965226156
Confusion Metric: 
 [[2997  522   25    0    0    0    0]
 [1585  141    7    0    0    0    0]
 [ 316    6    1    0    0    0    0]
 [ 457 1112    9    0    0    0    0]
 [ 169  143    4    0    0    0    0]
 [  21    5  181    0    0    0    0]
 [  28   20  188    0    0    0    0]]
Macro Precision/Recall/F-score:  (0.08750368979517421, 0.13287320044541742, 0.10525027815784341, None)
Accuracy:  0.727100919742976
Confusion Metric: 
 [[2831  357    6  290   34    6   20]
 [ 444 1201   19   49   12    3    5]
 [  30   86  203    2    1    1    0]
 [ 372   52    0 1123   25    1    5]
 [ 159   46    0   69   41    1    0]
 [  12    0    1    1    0  189    4]
 [  30    5    0   13    3    2  183]]
Macro Precision/Recall/F-score:  (0.7368092067186031, 0.6643128758085716, 0.6895767624771388, None)

epoch 27/30
ex_result
Accuracy:  0.39548947965226156
Confusion Metric: 
 [[2997  522   25    0    0    0    0]
 [1585  141    7    0    0    0    0]
 [ 316    6    1    0    0    0    0]
 [ 457 1112    9    0    0    0    0]
 [ 169  143    4    0    0    0    0]
 [  21    5  181    0    0    0    0]
 [  28   20  188    0    0    0    0]]
Macro Precision/Recall/F-score:  (0.08750368979517421, 0.13287320044541742, 0.10525027815784341, None)
Accuracy:  0.7284868338163034
Confusion Metric: 
 [[2931  294    4  249   39    6   21]
 [ 507 1137   20   47   14    2    6]
 [  42   81  194    4    1    1    0]
 [ 401   42    0 1100   28    0    7]
 [ 159   44    0   61   48    1    3]
 [  17    0    1    1    0  183    5]
 [  27    5    0   12    2    1  189]]
Macro Precision/Recall/F-score:  (0.7406006249332613, 0.6596610839094498, 0.6890387028795103, None)

epoch 28/30
ex_result
Accuracy:  0.39548947965226156
Confusion Metric: 
 [[2997  522   25    0    0    0    0]
 [1585  141    7    0    0    0    0]
 [ 316    6    1    0    0    0    0]
 [ 457 1112    9    0    0    0    0]
 [ 169  143    4    0    0    0    0]
 [  21    5  181    0    0    0    0]
 [  28   20  188    0    0    0    0]]
Macro Precision/Recall/F-score:  (0.08750368979517421, 0.13287320044541742, 0.10525027815784341, None)
Accuracy:  0.7321406072823485
Confusion Metric: 
 [[2912  343   11  215   40    5   18]
 [ 459 1196   34   23   13    2    6]
 [  30   57  232    2    1    1    0]
 [ 426   66    1 1051   29    0    5]
 [ 169   49    1   45   49    1    2]
 [  13    0    1    1    0  188    4]
 [  27    5    0   18    2    1  183]]
Macro Precision/Recall/F-score:  (0.7396156366558417, 0.6764002762912423, 0.7000529402839505, None)

epoch 29/30
ex_result
Accuracy:  0.39548947965226156
Confusion Metric: 
 [[2997  522   25    0    0    0    0]
 [1585  141    7    0    0    0    0]
 [ 316    6    1    0    0    0    0]
 [ 457 1112    9    0    0    0    0]
 [ 169  143    4    0    0    0    0]
 [  21    5  181    0    0    0    0]
 [  28   20  188    0    0    0    0]]
Macro Precision/Recall/F-score:  (0.08750368979517421, 0.13287320044541742, 0.10525027815784341, None)
Accuracy:  0.7291167947587249
Confusion Metric: 
 [[2933  300    6  251   30    4   20]
 [ 512 1137   24   42    8    3    7]
 [  46   72  202    2    0    1    0]
 [ 399   51    0 1104   19    1    4]
 [ 156   49    1   66   39    1    4]
 [  16    0    1    1    0  186    3]
 [  27    5    0   16    1    1  186]]
Macro Precision/Recall/F-score:  (0.7437885467351207, 0.659827779159082, 0.6875931576119135, None)

best_epoch:  28 0.7000529402839505 0.7321406072823485


valid f1:  0.6995580020560515 [0.6943323744636481, 0.7042886914205558, 0.7000529402839505]
valid acc: 0.7328125656209316 [0.7248330603502583, 0.7414640292301877, 0.7321406072823485]
