['/home/lizhuoqun/SE_type_code', '/home/lizhuoqun/anconda/envs/py38/lib/python38.zip', '/home/lizhuoqun/anconda/envs/py38/lib/python3.8', '/home/lizhuoqun/anconda/envs/py38/lib/python3.8/lib-dynload', '/home/lizhuoqun/anconda/envs/py38/lib/python3.8/site-packages', '/home/lizhuoqun/SE_type_code/data', '/home/lizhuoqun/SE_type_code/tools', '/home/lizhuoqun/SE_type_code/models', '/home/lizhuoqun/SE_type_code/pre_train']
sentence level BiLSTM
Namespace(BATCH_SIZE=128, DROPOUT=0.5, EPOCHs=30, EX_LOSS=0, FREEZE=1, IF_USE_EX_INITIAL_1=1, IF_USE_EX_INITIAL_2=0, LEARN_RATE=0.001)


time= 1230
use 343 from author
Loading Data...
len(test_X):  981
len(train_X):  3803
paragraph level BiLSTM label embedding

epoch 0/30
ex_result
Accuracy:  0.7448658183192642
Confusion Metric: 
 [[2837  256    9  338   76    8   20]
 [ 181 1424   29   52   40    2    5]
 [  18   55  248    1    1    0    0]
 [ 443   93    3  987   46    2    4]
 [ 105   63    2   61   81    1    3]
 [  28    2    1    5    3  164    4]
 [  31    7    1   20    4    2  171]]
Macro Precision/Recall/F-score:  (0.730545915125788, 0.6840939200053179, 0.7049971969134345, None)
Accuracy:  0.7606148418798034
Confusion Metric: 
 [[2861  268    9  313   65    8   20]
 [ 189 1440   29   39   29    2    5]
 [  18   55  248    1    1    0    0]
 [ 381   78    2 1082   30    2    3]
 [ 115   68    2   56   71    1    3]
 [  29    3    1    3    3  164    4]
 [  33    7    1   19    3    2  171]]
Macro Precision/Recall/F-score:  (0.7430926371794244, 0.6904598875008753, 0.7129836264395369, None)

epoch 1/30
ex_result
Accuracy:  0.7448658183192642
Confusion Metric: 
 [[2837  256    9  338   76    8   20]
 [ 181 1424   29   52   40    2    5]
 [  18   55  248    1    1    0    0]
 [ 443   93    3  987   46    2    4]
 [ 105   63    2   61   81    1    3]
 [  28    2    1    5    3  164    4]
 [  31    7    1   20    4    2  171]]
Macro Precision/Recall/F-score:  (0.730545915125788, 0.6840939200053179, 0.7049971969134345, None)
Accuracy:  0.7637646465919113
Confusion Metric: 
 [[2854  237    9  357   56    8   23]
 [ 198 1430   29   39   30    2    5]
 [  19   54  248    1    1    0    0]
 [ 341   75    2 1126   29    2    3]
 [ 122   59    2   61   68    1    3]
 [  30    2    1    3    3  164    4]
 [  28    7    1   24    2    2  172]]
Macro Precision/Recall/F-score:  (0.7435725330395127, 0.6925858166728601, 0.7140035411325105, None)

epoch 2/30
ex_result
Accuracy:  0.7448658183192642
Confusion Metric: 
 [[2837  256    9  338   76    8   20]
 [ 181 1424   29   52   40    2    5]
 [  18   55  248    1    1    0    0]
 [ 443   93    3  987   46    2    4]
 [ 105   63    2   61   81    1    3]
 [  28    2    1    5    3  164    4]
 [  31    7    1   20    4    2  171]]
Macro Precision/Recall/F-score:  (0.730545915125788, 0.6840939200053179, 0.7049971969134345, None)
Accuracy:  0.7594809121834446
Confusion Metric: 
 [[2802  242    8  400   62    8   22]
 [ 188 1405   27   77   29    2    5]
 [  18   55  248    1    1    0    0]
 [ 333   42    2 1177   20    2    2]
 [ 109   54    2   83   64    1    3]
 [  28    3    1    4    3  164    4]
 [  29    7    1   26    3    2  168]]
Macro Precision/Recall/F-score:  (0.7416156574344193, 0.6888163129427234, 0.7103902210082326, None)

epoch 3/30
ex_result
Accuracy:  0.7448658183192642
Confusion Metric: 
 [[2837  256    9  338   76    8   20]
 [ 181 1424   29   52   40    2    5]
 [  18   55  248    1    1    0    0]
 [ 443   93    3  987   46    2    4]
 [ 105   63    2   61   81    1    3]
 [  28    2    1    5    3  164    4]
 [  31    7    1   20    4    2  171]]
Macro Precision/Recall/F-score:  (0.730545915125788, 0.6840939200053179, 0.7049971969134345, None)
Accuracy:  0.7699382638276426
Confusion Metric: 
 [[2922  190    8  326   64    8   26]
 [ 243 1379   27   41   31    4    8]
 [  17   54  251    0    1    0    0]
 [ 356   41    2 1144   30    2    3]
 [ 136   45    2   56   72    1    4]
 [  28    1    1    3    3  167    4]
 [  29    6    1   19    3    2  176]]
Macro Precision/Recall/F-score:  (0.746178537522934, 0.7003791775925399, 0.7204350284460354, None)

epoch 4/30
ex_result
Accuracy:  0.7448658183192642
Confusion Metric: 
 [[2837  256    9  338   76    8   20]
 [ 181 1424   29   52   40    2    5]
 [  18   55  248    1    1    0    0]
 [ 443   93    3  987   46    2    4]
 [ 105   63    2   61   81    1    3]
 [  28    2    1    5    3  164    4]
 [  31    7    1   20    4    2  171]]
Macro Precision/Recall/F-score:  (0.730545915125788, 0.6840939200053179, 0.7049971969134345, None)
Accuracy:  0.7652765528537231
Confusion Metric: 
 [[2737  264    7  436   68    8   24]
 [ 172 1451   23   47   31    3    6]
 [  16   55  250    1    1    0    0]
 [ 270   57    1 1221   25    2    2]
 [ 106   63    2   63   78    1    3]
 [  29    2    1    3    3  165    4]
 [  25    8    0   27    2    2  172]]
Macro Precision/Recall/F-score:  (0.7486598828918508, 0.7042965877051229, 0.722443142633406, None)

epoch 5/30
ex_result
Accuracy:  0.7448658183192642
Confusion Metric: 
 [[2837  256    9  338   76    8   20]
 [ 181 1424   29   52   40    2    5]
 [  18   55  248    1    1    0    0]
 [ 443   93    3  987   46    2    4]
 [ 105   63    2   61   81    1    3]
 [  28    2    1    5    3  164    4]
 [  31    7    1   20    4    2  171]]
Macro Precision/Recall/F-score:  (0.730545915125788, 0.6840939200053179, 0.7049971969134345, None)
Accuracy:  0.7725840997858133
Confusion Metric: 
 [[2972  234    8  235   61    8   26]
 [ 210 1436   25   25   25    5    7]
 [  16   47  258    0    1    1    0]
 [ 421   69    0 1051   29    2    6]
 [ 129   62    2   49   68    1    5]
 [  30    1    1    3    2  166    4]
 [  27    7    0   17    2    2  181]]
Macro Precision/Recall/F-score:  (0.7490460124974437, 0.7022981851745526, 0.7216050113248836, None)

epoch 6/30
ex_result
Accuracy:  0.7448658183192642
Confusion Metric: 
 [[2837  256    9  338   76    8   20]
 [ 181 1424   29   52   40    2    5]
 [  18   55  248    1    1    0    0]
 [ 443   93    3  987   46    2    4]
 [ 105   63    2   61   81    1    3]
 [  28    2    1    5    3  164    4]
 [  31    7    1   20    4    2  171]]
Macro Precision/Recall/F-score:  (0.730545915125788, 0.6840939200053179, 0.7049971969134345, None)
Accuracy:  0.7725840997858133
Confusion Metric: 
 [[2906  286    7  240   65   10   30]
 [ 167 1483   26   21   26    4    6]
 [  14   48  260    0    1    0    0]
 [ 401   80    2 1059   30    2    4]
 [ 118   69    2   49   74    1    3]
 [  25    2    1    3    3  169    4]
 [  24    7    0   21    1    2  181]]
Macro Precision/Recall/F-score:  (0.7487814394554643, 0.7099038036940104, 0.7257381685006349, None)

epoch 7/30
ex_result
Accuracy:  0.7448658183192642
Confusion Metric: 
 [[2837  256    9  338   76    8   20]
 [ 181 1424   29   52   40    2    5]
 [  18   55  248    1    1    0    0]
 [ 443   93    3  987   46    2    4]
 [ 105   63    2   61   81    1    3]
 [  28    2    1    5    3  164    4]
 [  31    7    1   20    4    2  171]]
Macro Precision/Recall/F-score:  (0.730545915125788, 0.6840939200053179, 0.7049971969134345, None)
Accuracy:  0.7754819201209525
Confusion Metric: 
 [[2865  255    9  306   67   16   26]
 [ 190 1456   28   20   27    6    6]
 [  14   45  262    1    1    0    0]
 [ 339   67    2 1134   30    2    4]
 [ 119   65    2   50   76    1    3]
 [  17    1    1    0    3  181    4]
 [  24    6    1   20    2    2  181]]
Macro Precision/Recall/F-score:  (0.7454539135828907, 0.7228854934108345, 0.7318071375274638, None)

epoch 8/30
ex_result
Accuracy:  0.7448658183192642
Confusion Metric: 
 [[2837  256    9  338   76    8   20]
 [ 181 1424   29   52   40    2    5]
 [  18   55  248    1    1    0    0]
 [ 443   93    3  987   46    2    4]
 [ 105   63    2   61   81    1    3]
 [  28    2    1    5    3  164    4]
 [  31    7    1   20    4    2  171]]
Macro Precision/Recall/F-score:  (0.730545915125788, 0.6840939200053179, 0.7049971969134345, None)
Accuracy:  0.7810255764142623
Confusion Metric: 
 [[2945  246    7  249   59   11   27]
 [ 208 1450   22   18   25    5    5]
 [  15   49  258    0    1    0    0]
 [ 353   61    2 1125   30    2    5]
 [ 135   62    2   44   68    1    4]
 [  26    2    1    0    2  172    4]
 [  24    8    0   20    1    2  181]]
Macro Precision/Recall/F-score:  (0.7543785473548252, 0.7132039390698782, 0.7300858841778989, None)

epoch 9/30
ex_result
Accuracy:  0.7448658183192642
Confusion Metric: 
 [[2837  256    9  338   76    8   20]
 [ 181 1424   29   52   40    2    5]
 [  18   55  248    1    1    0    0]
 [ 443   93    3  987   46    2    4]
 [ 105   63    2   61   81    1    3]
 [  28    2    1    5    3  164    4]
 [  31    7    1   20    4    2  171]]
Macro Precision/Recall/F-score:  (0.730545915125788, 0.6840939200053179, 0.7049971969134345, None)
Accuracy:  0.7757339044979211
Confusion Metric: 
 [[2918  234    8  286   62   10   26]
 [ 211 1437   22   26   27    5    5]
 [  13   50  257    1    1    1    0]
 [ 367   54    0 1122   31    2    2]
 [ 131   58    2   48   73    1    3]
 [  26    1    1    1    2  172    4]
 [  26    8    0   22    0    2  178]]
Macro Precision/Recall/F-score:  (0.7545527272469278, 0.7107744893189658, 0.7294088410590948, None)

epoch 10/30
ex_result
Accuracy:  0.7448658183192642
Confusion Metric: 
 [[2837  256    9  338   76    8   20]
 [ 181 1424   29   52   40    2    5]
 [  18   55  248    1    1    0    0]
 [ 443   93    3  987   46    2    4]
 [ 105   63    2   61   81    1    3]
 [  28    2    1    5    3  164    4]
 [  31    7    1   20    4    2  171]]
Macro Precision/Recall/F-score:  (0.730545915125788, 0.6840939200053179, 0.7049971969134345, None)
Accuracy:  0.7776237873251859
Confusion Metric: 
 [[2896  271    7  278   56    9   27]
 [ 181 1473   22   21   24    5    7]
 [  13   51  257    1    0    1    0]
 [ 355   69    1 1129   19    2    3]
 [ 125   70    2   49   65    1    4]
 [  28    1    1    1    2  169    5]
 [  24    7    0   20    0    2  183]]
Macro Precision/Recall/F-score:  (0.7546147318726905, 0.7108286003140531, 0.727509485215668, None)

epoch 11/30
ex_result
Accuracy:  0.7448658183192642
Confusion Metric: 
 [[2837  256    9  338   76    8   20]
 [ 181 1424   29   52   40    2    5]
 [  18   55  248    1    1    0    0]
 [ 443   93    3  987   46    2    4]
 [ 105   63    2   61   81    1    3]
 [  28    2    1    5    3  164    4]
 [  31    7    1   20    4    2  171]]
Macro Precision/Recall/F-score:  (0.730545915125788, 0.6840939200053179, 0.7049971969134345, None)
Accuracy:  0.7756079123094368
Confusion Metric: 
 [[2840  242    8  345   70   10   29]
 [ 185 1435   22   48   30    5    8]
 [  12   51  257    1    1    1    0]
 [ 310   42    1 1194   26    2    3]
 [ 121   54    2   60   73    1    5]
 [  24    2    1    2    2  171    5]
 [  21    7    0   20    0    2  186]]
Macro Precision/Recall/F-score:  (0.7470819661790455, 0.7181361559190823, 0.7298835545212626, None)

epoch 12/30
ex_result
Accuracy:  0.7448658183192642
Confusion Metric: 
 [[2837  256    9  338   76    8   20]
 [ 181 1424   29   52   40    2    5]
 [  18   55  248    1    1    0    0]
 [ 443   93    3  987   46    2    4]
 [ 105   63    2   61   81    1    3]
 [  28    2    1    5    3  164    4]
 [  31    7    1   20    4    2  171]]
Macro Precision/Recall/F-score:  (0.730545915125788, 0.6840939200053179, 0.7049971969134345, None)
Accuracy:  0.7742219982361094
Confusion Metric: 
 [[2763  256    9  404   76    9   27]
 [ 163 1458   26   41   31    7    7]
 [  12   53  255    1    1    1    0]
 [ 265   51    1 1229   26    2    4]
 [ 114   59    2   55   82    1    3]
 [  21    1    1    1    3  176    4]
 [  20    7    0   25    0    2  182]]
Macro Precision/Recall/F-score:  (0.7469427527045569, 0.7243103551201698, 0.7331850552002152, None)

epoch 13/30
ex_result
Accuracy:  0.7448658183192642
Confusion Metric: 
 [[2837  256    9  338   76    8   20]
 [ 181 1424   29   52   40    2    5]
 [  18   55  248    1    1    0    0]
 [ 443   93    3  987   46    2    4]
 [ 105   63    2   61   81    1    3]
 [  28    2    1    5    3  164    4]
 [  31    7    1   20    4    2  171]]
Macro Precision/Recall/F-score:  (0.730545915125788, 0.6840939200053179, 0.7049971969134345, None)
Accuracy:  0.7797656545294191
Confusion Metric: 
 [[2918  282    6  233   70    9   26]
 [ 175 1482   23   13   30    5    5]
 [  15   52  255    0    1    0    0]
 [ 369   72    2 1096   34    2    3]
 [ 117   71    2   38   83    1    4]
 [  25    1    1    0    3  173    4]
 [  24    8    0   18    2    2  182]]
Macro Precision/Recall/F-score:  (0.7580151434923803, 0.71887787060465, 0.7356041163330845, None)

epoch 14/30
ex_result
Accuracy:  0.7448658183192642
Confusion Metric: 
 [[2837  256    9  338   76    8   20]
 [ 181 1424   29   52   40    2    5]
 [  18   55  248    1    1    0    0]
 [ 443   93    3  987   46    2    4]
 [ 105   63    2   61   81    1    3]
 [  28    2    1    5    3  164    4]
 [  31    7    1   20    4    2  171]]
Macro Precision/Recall/F-score:  (0.730545915125788, 0.6840939200053179, 0.7049971969134345, None)
Accuracy:  0.7846793498803074
Confusion Metric: 
 [[2913  241    6  280   66   11   27]
 [ 195 1454   26   18   28    6    6]
 [  15   48  260    0    0    0    0]
 [ 331   59    2 1153   27    2    4]
 [ 121   63    2   44   82    1    3]
 [  16    1    1    1    3  181    4]
 [  23    7    0   19    0    2  185]]
Macro Precision/Recall/F-score:  (0.7594782747131273, 0.7306247864803682, 0.7424877681878946, None)

epoch 15/30
ex_result
Accuracy:  0.7448658183192642
Confusion Metric: 
 [[2837  256    9  338   76    8   20]
 [ 181 1424   29   52   40    2    5]
 [  18   55  248    1    1    0    0]
 [ 443   93    3  987   46    2    4]
 [ 105   63    2   61   81    1    3]
 [  28    2    1    5    3  164    4]
 [  31    7    1   20    4    2  171]]
Macro Precision/Recall/F-score:  (0.730545915125788, 0.6840939200053179, 0.7049971969134345, None)
Accuracy:  0.7848053420687917
Confusion Metric: 
 [[2903  268    7  274   54    9   29]
 [ 173 1475   23   21   27    6    8]
 [  13   49  259    1    0    1    0]
 [ 339   58    1 1150   24    2    4]
 [ 124   63    2   48   70    1    8]
 [  18    1    1    1    1  179    6]
 [  19    7    0   15    0    2  193]]
Macro Precision/Recall/F-score:  (0.7561701699879417, 0.7292763171077008, 0.7383865467695606, None)

epoch 16/30
ex_result
Accuracy:  0.7448658183192642
Confusion Metric: 
 [[2837  256    9  338   76    8   20]
 [ 181 1424   29   52   40    2    5]
 [  18   55  248    1    1    0    0]
 [ 443   93    3  987   46    2    4]
 [ 105   63    2   61   81    1    3]
 [  28    2    1    5    3  164    4]
 [  31    7    1   20    4    2  171]]
Macro Precision/Recall/F-score:  (0.730545915125788, 0.6840939200053179, 0.7049971969134345, None)
Accuracy:  0.785309310822729
Confusion Metric: 
 [[2883  254    9  305   55    9   29]
 [ 179 1473   26   22   21    5    7]
 [  11   46  264    1    0    1    0]
 [ 308   63    0 1180   21    1    5]
 [ 124   66    2   51   67    1    5]
 [  21    1    1    1    1  177    5]
 [  22    7    0   17    0    1  189]]
Macro Precision/Recall/F-score:  (0.758207990360362, 0.7280747763762795, 0.7382604132069918, None)

epoch 17/30
ex_result
Accuracy:  0.7448658183192642
Confusion Metric: 
 [[2837  256    9  338   76    8   20]
 [ 181 1424   29   52   40    2    5]
 [  18   55  248    1    1    0    0]
 [ 443   93    3  987   46    2    4]
 [ 105   63    2   61   81    1    3]
 [  28    2    1    5    3  164    4]
 [  31    7    1   20    4    2  171]]
Macro Precision/Recall/F-score:  (0.730545915125788, 0.6840939200053179, 0.7049971969134345, None)
Accuracy:  0.7827894670530428
Confusion Metric: 
 [[2912  244    6  286   58    9   29]
 [ 198 1444   27   22   30    5    7]
 [  13   46  262    1    0    1    0]
 [ 342   53    1 1149   27    1    5]
 [ 125   59    2   49   74    1    6]
 [  19    1    1    0    1  179    6]
 [  18    5    1   18    0    1  193]]
Macro Precision/Recall/F-score:  (0.7559995621928727, 0.7301283011039811, 0.7398375184220998, None)

epoch 18/30
ex_result
Accuracy:  0.7448658183192642
Confusion Metric: 
 [[2837  256    9  338   76    8   20]
 [ 181 1424   29   52   40    2    5]
 [  18   55  248    1    1    0    0]
 [ 443   93    3  987   46    2    4]
 [ 105   63    2   61   81    1    3]
 [  28    2    1    5    3  164    4]
 [  31    7    1   20    4    2  171]]
Macro Precision/Recall/F-score:  (0.730545915125788, 0.6840939200053179, 0.7049971969134345, None)
Accuracy:  0.7805216076603251
Confusion Metric: 
 [[2857  278    4  305   62   10   28]
 [ 173 1486   19   19   24    5    7]
 [  12   57  252    1    0    1    0]
 [ 329   65    0 1154   24    1    5]
 [ 119   70    2   47   73    1    4]
 [  16    1    0    0    1  185    4]
 [  21    7    0   18    1    1  188]]
Macro Precision/Recall/F-score:  (0.7602685901643774, 0.7280653821930099, 0.739932110324063, None)

epoch 19/30
ex_result
Accuracy:  0.7448658183192642
Confusion Metric: 
 [[2837  256    9  338   76    8   20]
 [ 181 1424   29   52   40    2    5]
 [  18   55  248    1    1    0    0]
 [ 443   93    3  987   46    2    4]
 [ 105   63    2   61   81    1    3]
 [  28    2    1    5    3  164    4]
 [  31    7    1   20    4    2  171]]
Macro Precision/Recall/F-score:  (0.730545915125788, 0.6840939200053179, 0.7049971969134345, None)
Accuracy:  0.7819075217336525
Confusion Metric: 
 [[2887  239   10  295   66   14   33]
 [ 211 1437   32   18   18    7   10]
 [  12   44  266    0    0    1    0]
 [ 325   56    3 1162   25    1    6]
 [ 124   66    2   42   74    1    7]
 [  14    2    1    1    1  183    5]
 [  17    6    0   15    0    1  197]]
Macro Precision/Recall/F-score:  (0.7473724503004272, 0.736671384944062, 0.7384535448798777, None)

epoch 20/30
ex_result
Accuracy:  0.7448658183192642
Confusion Metric: 
 [[2837  256    9  338   76    8   20]
 [ 181 1424   29   52   40    2    5]
 [  18   55  248    1    1    0    0]
 [ 443   93    3  987   46    2    4]
 [ 105   63    2   61   81    1    3]
 [  28    2    1    5    3  164    4]
 [  31    7    1   20    4    2  171]]
Macro Precision/Recall/F-score:  (0.730545915125788, 0.6840939200053179, 0.7049971969134345, None)
Accuracy:  0.7820335139221368
Confusion Metric: 
 [[2819  248    8  367   60   12   30]
 [ 183 1454   28   26   29    6    7]
 [  10   44  266    1    1    1    0]
 [ 274   56    1 1219   22    1    5]
 [ 122   62    2   50   75    1    4]
 [  15    1    1    0    2  182    6]
 [  19    7    0   17    0    1  192]]
Macro Precision/Recall/F-score:  (0.7523505388694189, 0.737227255124367, 0.7414961942874053, None)

epoch 21/30
ex_result
Accuracy:  0.7448658183192642
Confusion Metric: 
 [[2837  256    9  338   76    8   20]
 [ 181 1424   29   52   40    2    5]
 [  18   55  248    1    1    0    0]
 [ 443   93    3  987   46    2    4]
 [ 105   63    2   61   81    1    3]
 [  28    2    1    5    3  164    4]
 [  31    7    1   20    4    2  171]]
Macro Precision/Recall/F-score:  (0.730545915125788, 0.6840939200053179, 0.7049971969134345, None)
Accuracy:  0.7835454201839486
Confusion Metric: 
 [[2910  238    4  294   59    9   30]
 [ 197 1447   25   23   30    5    6]
 [  12   48  260    1    1    1    0]
 [ 335   50    2 1157   27    1    6]
 [ 128   57    2   44   78    1    6]
 [  23    1    1    1    2  174    5]
 [  20    6    0   16    0    1  193]]
Macro Precision/Recall/F-score:  (0.7586488708195932, 0.7284923246115144, 0.740456552612219, None)

epoch 22/30
ex_result
Accuracy:  0.7448658183192642
Confusion Metric: 
 [[2837  256    9  338   76    8   20]
 [ 181 1424   29   52   40    2    5]
 [  18   55  248    1    1    0    0]
 [ 443   93    3  987   46    2    4]
 [ 105   63    2   61   81    1    3]
 [  28    2    1    5    3  164    4]
 [  31    7    1   20    4    2  171]]
Macro Precision/Recall/F-score:  (0.730545915125788, 0.6840939200053179, 0.7049971969134345, None)
Accuracy:  0.7821595061106211
Confusion Metric: 
 [[2820  258    6  359   55   12   34]
 [ 172 1466   27   24   29    6    9]
 [  12   44  264    2    0    1    0]
 [ 280   55    0 1211   26    1    5]
 [ 122   64    2   50   70    1    7]
 [  15    1    1    1    2  182    5]
 [  16    6    0   17    1    1  195]]
Macro Precision/Recall/F-score:  (0.7488067199965996, 0.736203540299151, 0.7387676787456119, None)

epoch 23/30
ex_result
Accuracy:  0.7448658183192642
Confusion Metric: 
 [[2837  256    9  338   76    8   20]
 [ 181 1424   29   52   40    2    5]
 [  18   55  248    1    1    0    0]
 [ 443   93    3  987   46    2    4]
 [ 105   63    2   61   81    1    3]
 [  28    2    1    5    3  164    4]
 [  31    7    1   20    4    2  171]]
Macro Precision/Recall/F-score:  (0.730545915125788, 0.6840939200053179, 0.7049971969134345, None)
Accuracy:  0.7821595061106211
Confusion Metric: 
 [[2900  277   12  253   60   11   31]
 [ 178 1467   34   15   27    6    6]
 [   9   43  270    1    0    0    0]
 [ 356   65    2 1124   24    1    6]
 [ 123   71    2   39   75    1    5]
 [  16    1    1    1    1  182    5]
 [  18    7    0   19    1    1  190]]
Macro Precision/Recall/F-score:  (0.7517587146053544, 0.7335220421782369, 0.7391388306147271, None)

epoch 24/30
ex_result
Accuracy:  0.7448658183192642
Confusion Metric: 
 [[2837  256    9  338   76    8   20]
 [ 181 1424   29   52   40    2    5]
 [  18   55  248    1    1    0    0]
 [ 443   93    3  987   46    2    4]
 [ 105   63    2   61   81    1    3]
 [  28    2    1    5    3  164    4]
 [  31    7    1   20    4    2  171]]
Macro Precision/Recall/F-score:  (0.730545915125788, 0.6840939200053179, 0.7049971969134345, None)
Accuracy:  0.7803956154718408
Confusion Metric: 
 [[2921  275    7  239   63   13   26]
 [ 177 1474   29   18   26    5    4]
 [  13   47  261    1    0    1    0]
 [ 386   69    2 1091   24    1    5]
 [ 122   66    2   44   77    1    4]
 [  18    1    1    1    1  181    4]
 [  23    8    0   13    2    1  189]]
Macro Precision/Recall/F-score:  (0.7575389780573359, 0.727586232108451, 0.7389876391496976, None)

epoch 25/30
ex_result
Accuracy:  0.7448658183192642
Confusion Metric: 
 [[2837  256    9  338   76    8   20]
 [ 181 1424   29   52   40    2    5]
 [  18   55  248    1    1    0    0]
 [ 443   93    3  987   46    2    4]
 [ 105   63    2   61   81    1    3]
 [  28    2    1    5    3  164    4]
 [  31    7    1   20    4    2  171]]
Macro Precision/Recall/F-score:  (0.730545915125788, 0.6840939200053179, 0.7049971969134345, None)
Accuracy:  0.7816555373566839
Confusion Metric: 
 [[2871  258    7  320   42   12   34]
 [ 184 1460   28   25   23    5    8]
 [  12   46  262    1    1    1    0]
 [ 318   51    1 1178   22    1    7]
 [ 129   66    2   53   60    1    5]
 [  16    1    1    1    1  182    5]
 [  22    7    0   15    0    1  191]]
Macro Precision/Recall/F-score:  (0.7506180240839742, 0.7269505538365466, 0.7328538862829744, None)

epoch 26/30
ex_result
Accuracy:  0.7448658183192642
Confusion Metric: 
 [[2837  256    9  338   76    8   20]
 [ 181 1424   29   52   40    2    5]
 [  18   55  248    1    1    0    0]
 [ 443   93    3  987   46    2    4]
 [ 105   63    2   61   81    1    3]
 [  28    2    1    5    3  164    4]
 [  31    7    1   20    4    2  171]]
Macro Precision/Recall/F-score:  (0.730545915125788, 0.6840939200053179, 0.7049971969134345, None)
Accuracy:  0.7829154592415271
Confusion Metric: 
 [[2849  270    6  320   53   10   36]
 [ 179 1477   19   19   27    4    8]
 [  12   58  252    1    0    0    0]
 [ 298   55    1 1193   24    1    6]
 [ 121   63    2   49   70    1   10]
 [  19    1    1    1    1  179    5]
 [  19    6    0   16    0    1  194]]
Macro Precision/Recall/F-score:  (0.7550245431688379, 0.7286666303116174, 0.7369244505984373, None)

epoch 27/30
ex_result
Accuracy:  0.7448658183192642
Confusion Metric: 
 [[2837  256    9  338   76    8   20]
 [ 181 1424   29   52   40    2    5]
 [  18   55  248    1    1    0    0]
 [ 443   93    3  987   46    2    4]
 [ 105   63    2   61   81    1    3]
 [  28    2    1    5    3  164    4]
 [  31    7    1   20    4    2  171]]
Macro Precision/Recall/F-score:  (0.730545915125788, 0.6840939200053179, 0.7049971969134345, None)
Accuracy:  0.7807735920372937
Confusion Metric: 
 [[2832  324    4  288   51   10   35]
 [ 150 1513   23   17   17    5    8]
 [  13   53  256    1    0    0    0]
 [ 325   71    0 1153   21    1    7]
 [ 114   82    2   43   67    1    7]
 [  19    1    1    1    1  179    5]
 [  16    8    0   14    0    1  197]]
Macro Precision/Recall/F-score:  (0.757837064965705, 0.7295566214376003, 0.7369008640130665, None)

epoch 28/30
ex_result
Accuracy:  0.7448658183192642
Confusion Metric: 
 [[2837  256    9  338   76    8   20]
 [ 181 1424   29   52   40    2    5]
 [  18   55  248    1    1    0    0]
 [ 443   93    3  987   46    2    4]
 [ 105   63    2   61   81    1    3]
 [  28    2    1    5    3  164    4]
 [  31    7    1   20    4    2  171]]
Macro Precision/Recall/F-score:  (0.730545915125788, 0.6840939200053179, 0.7049971969134345, None)
Accuracy:  0.7834194279954643
Confusion Metric: 
 [[2834  273    5  336   53   12   31]
 [ 172 1467   30   27   24    5    8]
 [  12   44  266    1    0    0    0]
 [ 293   59    0 1198   23    1    4]
 [ 121   68    2   45   72    1    7]
 [  14    1    1    1    1  183    6]
 [  17    6    0   14    0    1  198]]
Macro Precision/Recall/F-score:  (0.7562870711423538, 0.7399682464442895, 0.7435829137691525, None)

epoch 29/30
ex_result
Accuracy:  0.7448658183192642
Confusion Metric: 
 [[2837  256    9  338   76    8   20]
 [ 181 1424   29   52   40    2    5]
 [  18   55  248    1    1    0    0]
 [ 443   93    3  987   46    2    4]
 [ 105   63    2   61   81    1    3]
 [  28    2    1    5    3  164    4]
 [  31    7    1   20    4    2  171]]
Macro Precision/Recall/F-score:  (0.730545915125788, 0.6840939200053179, 0.7049971969134345, None)
Accuracy:  0.7781277560791231
Confusion Metric: 
 [[2813  236    5  381   68   10   31]
 [ 208 1428   26   35   25    5    6]
 [  12   48  261    1    0    1    0]
 [ 279   40    2 1229   24    1    3]
 [ 111   62    2   58   76    1    6]
 [  16    1    1    1    1  182    5]
 [  17    7    0   24    0    1  187]]
Macro Precision/Recall/F-score:  (0.7528919649345385, 0.7309614677401113, 0.738788965557682, None)

best_epoch:  28 0.7435829137691525 0.7834194279954643


time= 1231
use 343 from author
Loading Data...
len(test_X):  981
len(train_X):  3803
paragraph level BiLSTM label embedding

epoch 0/30
ex_result
Accuracy:  0.7536852715131662
Confusion Metric: 
 [[2922  266    6  268   50   14   18]
 [ 191 1446   25   39   19    5    8]
 [  11   57  250    2    2    1    0]
 [ 470  126    3  934   32    4    9]
 [ 100   76    1   58   75    2    4]
 [  20    2    0    2    0  179    4]
 [  28    5    0   15    5    7  176]]
Macro Precision/Recall/F-score:  (0.736511201536708, 0.6960863409144636, 0.7110614083083459, None)
Accuracy:  0.7661584981731132
Confusion Metric: 
 [[3022  261    6  173   50   14   18]
 [ 208 1431   25   38   18    5    8]
 [  12   57  250    1    2    1    0]
 [ 505   78    3  950   31    4    7]
 [ 127   72    1   38   72    2    4]
 [  22    2    0    0    0  179    4]
 [  34    4    0    9    5    7  177]]
Macro Precision/Recall/F-score:  (0.7491235434868553, 0.6995783734640136, 0.7178742902025927, None)

epoch 1/30
ex_result
Accuracy:  0.7536852715131662
Confusion Metric: 
 [[2922  266    6  268   50   14   18]
 [ 191 1446   25   39   19    5    8]
 [  11   57  250    2    2    1    0]
 [ 470  126    3  934   32    4    9]
 [ 100   76    1   58   75    2    4]
 [  20    2    0    2    0  179    4]
 [  28    5    0   15    5    7  176]]
Macro Precision/Recall/F-score:  (0.736511201536708, 0.6960863409144636, 0.7110614083083459, None)
Accuracy:  0.7669144513040191
Confusion Metric: 
 [[3030  281    6  170   22   14   21]
 [ 202 1451   25   33    9    5    8]
 [  12   57  250    1    2    1    0]
 [ 507   76    3  958   23    4    7]
 [ 145   83    1   43   38    2    4]
 [  22    2    0    0    0  179    4]
 [  30    4    0   10    4    7  181]]
Macro Precision/Recall/F-score:  (0.7446094351354445, 0.6893243651166653, 0.7039373300538212, None)

epoch 2/30
ex_result
Accuracy:  0.7536852715131662
Confusion Metric: 
 [[2922  266    6  268   50   14   18]
 [ 191 1446   25   39   19    5    8]
 [  11   57  250    2    2    1    0]
 [ 470  126    3  934   32    4    9]
 [ 100   76    1   58   75    2    4]
 [  20    2    0    2    0  179    4]
 [  28    5    0   15    5    7  176]]
Macro Precision/Recall/F-score:  (0.736511201536708, 0.6960863409144636, 0.7110614083083459, None)
Accuracy:  0.7699382638276426
Confusion Metric: 
 [[3042  263    6  170   26   14   23]
 [ 204 1438   25   39   14    5    8]
 [  12   57  250    1    2    1    0]
 [ 503   66    3  975   20    4    7]
 [ 145   69    1   47   47    2    5]
 [  19    2    0    2    0  179    5]
 [  33    3    0    9    4    7  180]]
Macro Precision/Recall/F-score:  (0.7482196709848626, 0.6937388532591209, 0.7094366088057518, None)

epoch 3/30
ex_result
Accuracy:  0.7536852715131662
Confusion Metric: 
 [[2922  266    6  268   50   14   18]
 [ 191 1446   25   39   19    5    8]
 [  11   57  250    2    2    1    0]
 [ 470  126    3  934   32    4    9]
 [ 100   76    1   58   75    2    4]
 [  20    2    0    2    0  179    4]
 [  28    5    0   15    5    7  176]]
Macro Precision/Recall/F-score:  (0.736511201536708, 0.6960863409144636, 0.7110614083083459, None)
Accuracy:  0.774473982613078
Confusion Metric: 
 [[3075  248    6  153   23   14   25]
 [ 208 1438   27   33   10    6   11]
 [  12   43  264    1    2    1    0]
 [ 520   59    2  972   16    4    5]
 [ 157   68    1   46   37    2    5]
 [  21    0    1    0    0  180    5]
 [  34    3    0    9    2    7  181]]
Macro Precision/Recall/F-score:  (0.7496100425363691, 0.6977640905978993, 0.7094691959592, None)

epoch 4/30
ex_result
Accuracy:  0.7536852715131662
Confusion Metric: 
 [[2922  266    6  268   50   14   18]
 [ 191 1446   25   39   19    5    8]
 [  11   57  250    2    2    1    0]
 [ 470  126    3  934   32    4    9]
 [ 100   76    1   58   75    2    4]
 [  20    2    0    2    0  179    4]
 [  28    5    0   15    5    7  176]]
Macro Precision/Recall/F-score:  (0.736511201536708, 0.6960863409144636, 0.7110614083083459, None)
Accuracy:  0.77044223258158
Confusion Metric: 
 [[3070  252    6  146   36   14   20]
 [ 221 1435   24   27   12    6    8]
 [  13   54  252    1    2    1    0]
 [ 536   60    2  948   21    4    7]
 [ 150   65    1   40   53    2    5]
 [  22    1    0    0    0  179    5]
 [  35    2    0    9    5    7  178]]
Macro Precision/Recall/F-score:  (0.7527980641027243, 0.6945622853836271, 0.7129238856330574, None)

epoch 5/30
ex_result
Accuracy:  0.7536852715131662
Confusion Metric: 
 [[2922  266    6  268   50   14   18]
 [ 191 1446   25   39   19    5    8]
 [  11   57  250    2    2    1    0]
 [ 470  126    3  934   32    4    9]
 [ 100   76    1   58   75    2    4]
 [  20    2    0    2    0  179    4]
 [  28    5    0   15    5    7  176]]
Macro Precision/Recall/F-score:  (0.736511201536708, 0.6960863409144636, 0.7110614083083459, None)
Accuracy:  0.7762378732518583
Confusion Metric: 
 [[3040  241    6  170   44   16   27]
 [ 208 1439   22   34   14    6   10]
 [  11   54  254    1    2    1    0]
 [ 480   59    2 1001   24    4    8]
 [ 129   75    1   43   61    2    5]
 [  20    1    0    0    0  181    5]
 [  30    2    0    9    5    5  185]]
Macro Precision/Recall/F-score:  (0.7501870730256934, 0.7085996000278866, 0.7216765252454336, None)

epoch 6/30
ex_result
Accuracy:  0.7536852715131662
Confusion Metric: 
 [[2922  266    6  268   50   14   18]
 [ 191 1446   25   39   19    5    8]
 [  11   57  250    2    2    1    0]
 [ 470  126    3  934   32    4    9]
 [ 100   76    1   58   75    2    4]
 [  20    2    0    2    0  179    4]
 [  28    5    0   15    5    7  176]]
Macro Precision/Recall/F-score:  (0.736511201536708, 0.6960863409144636, 0.7110614083083459, None)
Accuracy:  0.7749779513670152
Confusion Metric: 
 [[3072  239    6  153   36   15   23]
 [ 212 1437   21   37   10    6   10]
 [  12   54  253    1    2    1    0]
 [ 509   60    2  970   25    3    9]
 [ 145   70    1   39   54    2    5]
 [  22    1    0    0    0  179    5]
 [  32    3    0    9    4    2  186]]
Macro Precision/Recall/F-score:  (0.7555382398656165, 0.7025364193560713, 0.7190190824555625, None)

epoch 7/30
ex_result
Accuracy:  0.7536852715131662
Confusion Metric: 
 [[2922  266    6  268   50   14   18]
 [ 191 1446   25   39   19    5    8]
 [  11   57  250    2    2    1    0]
 [ 470  126    3  934   32    4    9]
 [ 100   76    1   58   75    2    4]
 [  20    2    0    2    0  179    4]
 [  28    5    0   15    5    7  176]]
Macro Precision/Recall/F-score:  (0.736511201536708, 0.6960863409144636, 0.7110614083083459, None)
Accuracy:  0.7763638654403427
Confusion Metric: 
 [[2953  309    5  187   42   16   32]
 [ 156 1494   21   30   17    6    9]
 [   7   58  254    1    2    1    0]
 [ 449   73    2 1025   21    4    4]
 [ 124   74    1   46   64    2    5]
 [  18    2    0    0    0  182    5]
 [  28    3    0   10    3    2  190]]
Macro Precision/Recall/F-score:  (0.75412865080848, 0.7168722421218614, 0.7274019873661887, None)

epoch 8/30
ex_result
Accuracy:  0.7536852715131662
Confusion Metric: 
 [[2922  266    6  268   50   14   18]
 [ 191 1446   25   39   19    5    8]
 [  11   57  250    2    2    1    0]
 [ 470  126    3  934   32    4    9]
 [ 100   76    1   58   75    2    4]
 [  20    2    0    2    0  179    4]
 [  28    5    0   15    5    7  176]]
Macro Precision/Recall/F-score:  (0.736511201536708, 0.6960863409144636, 0.7110614083083459, None)
Accuracy:  0.7766158498173114
Confusion Metric: 
 [[3001  267    6  187   35   16   32]
 [ 187 1468   20   34    8    6   10]
 [   8   55  256    1    2    1    0]
 [ 468   63    1 1021   17    3    5]
 [ 137   76    1   49   45    1    7]
 [  16    2    0    0    0  183    6]
 [  29    3    0   10    3    1  190]]
Macro Precision/Recall/F-score:  (0.7516165629966179, 0.7092868942222751, 0.7191588808363426, None)

epoch 9/30
ex_result
Accuracy:  0.7536852715131662
Confusion Metric: 
 [[2922  266    6  268   50   14   18]
 [ 191 1446   25   39   19    5    8]
 [  11   57  250    2    2    1    0]
 [ 470  126    3  934   32    4    9]
 [ 100   76    1   58   75    2    4]
 [  20    2    0    2    0  179    4]
 [  28    5    0   15    5    7  176]]
Macro Precision/Recall/F-score:  (0.736511201536708, 0.6960863409144636, 0.7110614083083459, None)
Accuracy:  0.7810255764142623
Confusion Metric: 
 [[3098  202    7  177    8   19   33]
 [ 248 1409   24   33    3    6   10]
 [  10   50  260    1    1    1    0]
 [ 486   45    2 1027   10    3    5]
 [ 164   64    1   50   28    2    7]
 [  15    1    0    0    0  185    6]
 [  28    2    0   11    2    1  192]]
Macro Precision/Recall/F-score:  (0.7692395323394257, 0.7055512257176925, 0.7123710047407453, None)

epoch 10/30
ex_result
Accuracy:  0.7536852715131662
Confusion Metric: 
 [[2922  266    6  268   50   14   18]
 [ 191 1446   25   39   19    5    8]
 [  11   57  250    2    2    1    0]
 [ 470  126    3  934   32    4    9]
 [ 100   76    1   58   75    2    4]
 [  20    2    0    2    0  179    4]
 [  28    5    0   15    5    7  176]]
Macro Precision/Recall/F-score:  (0.736511201536708, 0.6960863409144636, 0.7110614083083459, None)
Accuracy:  0.7774977951367015
Confusion Metric: 
 [[3040  260    6  162   35   15   26]
 [ 199 1468   19   23   10    6    8]
 [   9   53  257    1    2    1    0]
 [ 499   68    2  983   17    3    6]
 [ 141   70    1   48   49    2    5]
 [  18    2    0    0    0  181    6]
 [  27    3    0    9    3    1  193]]
Macro Precision/Recall/F-score:  (0.7598450814520278, 0.7101051272330042, 0.7233930013418016, None)

epoch 11/30
ex_result
Accuracy:  0.7536852715131662
Confusion Metric: 
 [[2922  266    6  268   50   14   18]
 [ 191 1446   25   39   19    5    8]
 [  11   57  250    2    2    1    0]
 [ 470  126    3  934   32    4    9]
 [ 100   76    1   58   75    2    4]
 [  20    2    0    2    0  179    4]
 [  28    5    0   15    5    7  176]]
Macro Precision/Recall/F-score:  (0.736511201536708, 0.6960863409144636, 0.7110614083083459, None)
Accuracy:  0.7797656545294191
Confusion Metric: 
 [[3029  248    5  181   36   17   28]
 [ 197 1456   17   34   14    6    9]
 [   9   57  253    1    2    1    0]
 [ 469   58    1 1018   22    4    6]
 [ 142   65    1   45   57    1    5]
 [  17    1    0    0    0  184    5]
 [  30    2    0    9    1    2  192]]
Macro Precision/Recall/F-score:  (0.760670570157389, 0.7151536627893721, 0.7282236797573304, None)

epoch 12/30
ex_result
Accuracy:  0.7536852715131662
Confusion Metric: 
 [[2922  266    6  268   50   14   18]
 [ 191 1446   25   39   19    5    8]
 [  11   57  250    2    2    1    0]
 [ 470  126    3  934   32    4    9]
 [ 100   76    1   58   75    2    4]
 [  20    2    0    2    0  179    4]
 [  28    5    0   15    5    7  176]]
Macro Precision/Recall/F-score:  (0.736511201536708, 0.6960863409144636, 0.7110614083083459, None)
Accuracy:  0.7821595061106211
Confusion Metric: 
 [[3076  202    6  173   48   14   25]
 [ 224 1428   23   30   13    6    9]
 [  10   56  253    1    2    1    0]
 [ 482   48    2 1010   29    3    4]
 [ 134   66    1   41   68    1    5]
 [  17    1    0    0    0  184    5]
 [  31    3    0    9    3    1  189]]
Macro Precision/Recall/F-score:  (0.7633160225836811, 0.7171727272807003, 0.7334776832003884, None)

epoch 13/30
ex_result
Accuracy:  0.7536852715131662
Confusion Metric: 
 [[2922  266    6  268   50   14   18]
 [ 191 1446   25   39   19    5    8]
 [  11   57  250    2    2    1    0]
 [ 470  126    3  934   32    4    9]
 [ 100   76    1   58   75    2    4]
 [  20    2    0    2    0  179    4]
 [  28    5    0   15    5    7  176]]
Macro Precision/Recall/F-score:  (0.736511201536708, 0.6960863409144636, 0.7110614083083459, None)
Accuracy:  0.7868212170845408
Confusion Metric: 
 [[2994  230    5  225   44   17   29]
 [ 201 1446   23   37   11    5   10]
 [  10   51  258    1    2    1    0]
 [ 392   52    2 1109   18    2    3]
 [ 129   67    1   48   65    1    5]
 [  16    1    0    1    0  183    6]
 [  27    3    0   14    2    0  190]]
Macro Precision/Recall/F-score:  (0.7652557457466252, 0.725084032054256, 0.7374587420372292, None)

epoch 14/30
ex_result
Accuracy:  0.7536852715131662
Confusion Metric: 
 [[2922  266    6  268   50   14   18]
 [ 191 1446   25   39   19    5    8]
 [  11   57  250    2    2    1    0]
 [ 470  126    3  934   32    4    9]
 [ 100   76    1   58   75    2    4]
 [  20    2    0    2    0  179    4]
 [  28    5    0   15    5    7  176]]
Macro Precision/Recall/F-score:  (0.736511201536708, 0.6960863409144636, 0.7110614083083459, None)
Accuracy:  0.7865692327075722
Confusion Metric: 
 [[2996  257    5  204   37   16   29]
 [ 176 1477   23   32   12    5    8]
 [  11   49  259    1    2    1    0]
 [ 418   60    2 1075   16    2    5]
 [ 130   67    1   50   63    1    4]
 [  15    1    0    0    0  185    6]
 [  29    4    0   12    2    1  188]]
Macro Precision/Recall/F-score:  (0.7682565297464282, 0.7243497819366577, 0.7368753619236744, None)

epoch 15/30
ex_result
Accuracy:  0.7536852715131662
Confusion Metric: 
 [[2922  266    6  268   50   14   18]
 [ 191 1446   25   39   19    5    8]
 [  11   57  250    2    2    1    0]
 [ 470  126    3  934   32    4    9]
 [ 100   76    1   58   75    2    4]
 [  20    2    0    2    0  179    4]
 [  28    5    0   15    5    7  176]]
Macro Precision/Recall/F-score:  (0.736511201536708, 0.6960863409144636, 0.7110614083083459, None)
Accuracy:  0.7894670530427114
Confusion Metric: 
 [[3046  234    5  178   35   17   29]
 [ 204 1454   23   29   10    5    8]
 [  12   46  262    0    2    1    0]
 [ 436   52    2 1063   18    2    5]
 [ 138   63    1   44   64    1    5]
 [  12    1    0    0    0  188    6]
 [  29    3    0   12    2    1  189]]
Macro Precision/Recall/F-score:  (0.7728785075780734, 0.7278375720493762, 0.7403902493221507, None)

epoch 16/30
ex_result
Accuracy:  0.7536852715131662
Confusion Metric: 
 [[2922  266    6  268   50   14   18]
 [ 191 1446   25   39   19    5    8]
 [  11   57  250    2    2    1    0]
 [ 470  126    3  934   32    4    9]
 [ 100   76    1   58   75    2    4]
 [  20    2    0    2    0  179    4]
 [  28    5    0   15    5    7  176]]
Macro Precision/Recall/F-score:  (0.736511201536708, 0.6960863409144636, 0.7110614083083459, None)
Accuracy:  0.784931334257276
Confusion Metric: 
 [[3000  278    6  173   44   17   26]
 [ 165 1478   26   38   13    5    8]
 [   7   49  265    0    1    1    0]
 [ 441   59    2 1045   25    2    4]
 [ 134   69    1   37   69    1    5]
 [  13    1    0    1    0  186    6]
 [  32    4    0   10    2    1  187]]
Macro Precision/Recall/F-score:  (0.7645941581186042, 0.7273285131190297, 0.7386759896600259, None)

epoch 17/30
ex_result
Accuracy:  0.7536852715131662
Confusion Metric: 
 [[2922  266    6  268   50   14   18]
 [ 191 1446   25   39   19    5    8]
 [  11   57  250    2    2    1    0]
 [ 470  126    3  934   32    4    9]
 [ 100   76    1   58   75    2    4]
 [  20    2    0    2    0  179    4]
 [  28    5    0   15    5    7  176]]
Macro Precision/Recall/F-score:  (0.736511201536708, 0.6960863409144636, 0.7110614083083459, None)
Accuracy:  0.7864432405190879
Confusion Metric: 
 [[2987  274    5  192   42   20   24]
 [ 174 1484   22   28   10    6    9]
 [   9   54  256    1    2    1    0]
 [ 416   68    1 1068   21    2    2]
 [ 134   65    1   43   69    1    3]
 [   9    1    0    0    0  192    5]
 [  30    4    0   13    2    1  186]]
Macro Precision/Recall/F-score:  (0.7705379844425503, 0.7289362112115018, 0.7412100951612759, None)

epoch 18/30
ex_result
Accuracy:  0.7536852715131662
Confusion Metric: 
 [[2922  266    6  268   50   14   18]
 [ 191 1446   25   39   19    5    8]
 [  11   57  250    2    2    1    0]
 [ 470  126    3  934   32    4    9]
 [ 100   76    1   58   75    2    4]
 [  20    2    0    2    0  179    4]
 [  28    5    0   15    5    7  176]]
Macro Precision/Recall/F-score:  (0.736511201536708, 0.6960863409144636, 0.7110614083083459, None)
Accuracy:  0.7844273655033388
Confusion Metric: 
 [[2997  280    5  183   31   14   34]
 [ 184 1474   25   27    8    5   10]
 [   8   50  262    0    2    1    0]
 [ 424   68    2 1059   18    2    5]
 [ 139   72    1   41   56    1    6]
 [   8    2    0    1    0  190    6]
 [  28    4    0   15    1    0  188]]
Macro Precision/Recall/F-score:  (0.76623653222318, 0.7243072482593345, 0.7334944117855329, None)

epoch 19/30
ex_result
Accuracy:  0.7536852715131662
Confusion Metric: 
 [[2922  266    6  268   50   14   18]
 [ 191 1446   25   39   19    5    8]
 [  11   57  250    2    2    1    0]
 [ 470  126    3  934   32    4    9]
 [ 100   76    1   58   75    2    4]
 [  20    2    0    2    0  179    4]
 [  28    5    0   15    5    7  176]]
Macro Precision/Recall/F-score:  (0.736511201536708, 0.6960863409144636, 0.7110614083083459, None)
Accuracy:  0.7875771702154466
Confusion Metric: 
 [[3005  253    5  196   42   18   25]
 [ 187 1460   23   37   14    5    7]
 [   9   52  259    1    1    1    0]
 [ 408   63    1 1080   23    2    1]
 [ 136   65    1   40   69    1    4]
 [  11    1    0    0    0  191    4]
 [  30    3    1   12    2    1  187]]
Macro Precision/Recall/F-score:  (0.7709083104511529, 0.7300117895525354, 0.7430424699825439, None)

epoch 20/30
ex_result
Accuracy:  0.7536852715131662
Confusion Metric: 
 [[2922  266    6  268   50   14   18]
 [ 191 1446   25   39   19    5    8]
 [  11   57  250    2    2    1    0]
 [ 470  126    3  934   32    4    9]
 [ 100   76    1   58   75    2    4]
 [  20    2    0    2    0  179    4]
 [  28    5    0   15    5    7  176]]
Macro Precision/Recall/F-score:  (0.736511201536708, 0.6960863409144636, 0.7110614083083459, None)
Accuracy:  0.7884591155348368
Confusion Metric: 
 [[3043  267    5  157   32   14   26]
 [ 182 1475   23   33    8    5    7]
 [   9   51  261    0    1    1    0]
 [ 451   59    1 1043   18    2    4]
 [ 141   67    1   41   59    1    6]
 [  13    1    0    0    0  187    6]
 [  29    5    0    9    2    1  190]]
Macro Precision/Recall/F-score:  (0.7765275082041853, 0.7248496510216593, 0.7388871620767724, None)

epoch 21/30
ex_result
Accuracy:  0.7536852715131662
Confusion Metric: 
 [[2922  266    6  268   50   14   18]
 [ 191 1446   25   39   19    5    8]
 [  11   57  250    2    2    1    0]
 [ 470  126    3  934   32    4    9]
 [ 100   76    1   58   75    2    4]
 [  20    2    0    2    0  179    4]
 [  28    5    0   15    5    7  176]]
Macro Precision/Recall/F-score:  (0.736511201536708, 0.6960863409144636, 0.7110614083083459, None)
Accuracy:  0.7878291545924153
Confusion Metric: 
 [[2971  263    5  232   25   15   33]
 [ 176 1470   23   40    9    6    9]
 [   8   54  259    0    1    1    0]
 [ 380   53    2 1119   17    2    5]
 [ 141   64    1   48   54    1    7]
 [  14    1    0    0    0  187    5]
 [  26    4    0   12    0    1  193]]
Macro Precision/Recall/F-score:  (0.7695841794989298, 0.727086531377504, 0.7352817444250951, None)

epoch 22/30
ex_result
Accuracy:  0.7536852715131662
Confusion Metric: 
 [[2922  266    6  268   50   14   18]
 [ 191 1446   25   39   19    5    8]
 [  11   57  250    2    2    1    0]
 [ 470  126    3  934   32    4    9]
 [ 100   76    1   58   75    2    4]
 [  20    2    0    2    0  179    4]
 [  28    5    0   15    5    7  176]]
Macro Precision/Recall/F-score:  (0.736511201536708, 0.6960863409144636, 0.7110614083083459, None)
Accuracy:  0.7900970139851329
Confusion Metric: 
 [[3029  248    5  169   42   20   31]
 [ 189 1471   23   26   11    5    8]
 [   9   54  258    0    1    1    0]
 [ 429   60    2 1055   27    2    3]
 [ 128   66    1   40   74    1    6]
 [   9    1    0    0    0  191    6]
 [  29    3    0    9    1    1  193]]
Macro Precision/Recall/F-score:  (0.7700560964696191, 0.7350728013924173, 0.7447647023352991, None)

epoch 23/30
ex_result
Accuracy:  0.7536852715131662
Confusion Metric: 
 [[2922  266    6  268   50   14   18]
 [ 191 1446   25   39   19    5    8]
 [  11   57  250    2    2    1    0]
 [ 470  126    3  934   32    4    9]
 [ 100   76    1   58   75    2    4]
 [  20    2    0    2    0  179    4]
 [  28    5    0   15    5    7  176]]
Macro Precision/Recall/F-score:  (0.736511201536708, 0.6960863409144636, 0.7110614083083459, None)
Accuracy:  0.7898450296081643
Confusion Metric: 
 [[3031  239    5  193   31   15   30]
 [ 206 1456   22   28    6    5   10]
 [  11   53  258    0    0    1    0]
 [ 420   60    1 1075   16    2    4]
 [ 138   61    1   43   65    1    7]
 [   9    1    0    1    0  191    5]
 [  30    2    1    9    0    1  193]]
Macro Precision/Recall/F-score:  (0.7812859001720595, 0.7316588131041067, 0.7436745887499246, None)

epoch 24/30
ex_result
Accuracy:  0.7536852715131662
Confusion Metric: 
 [[2922  266    6  268   50   14   18]
 [ 191 1446   25   39   19    5    8]
 [  11   57  250    2    2    1    0]
 [ 470  126    3  934   32    4    9]
 [ 100   76    1   58   75    2    4]
 [  20    2    0    2    0  179    4]
 [  28    5    0   15    5    7  176]]
Macro Precision/Recall/F-score:  (0.736511201536708, 0.6960863409144636, 0.7110614083083459, None)
Accuracy:  0.7882071311578682
Confusion Metric: 
 [[3050  238    6  178   28   17   27]
 [ 203 1463   24   25    6    5    7]
 [  10   51  260    0    1    1    0]
 [ 447   58    2 1047   18    2    4]
 [ 149   67    1   41   55    1    2]
 [  11    1    0    0    0  191    4]
 [  30    4    0   10    1    1  190]]
Macro Precision/Recall/F-score:  (0.7777504462025691, 0.7250146629392719, 0.7380723693208815, None)

epoch 25/30
ex_result
Accuracy:  0.7536852715131662
Confusion Metric: 
 [[2922  266    6  268   50   14   18]
 [ 191 1446   25   39   19    5    8]
 [  11   57  250    2    2    1    0]
 [ 470  126    3  934   32    4    9]
 [ 100   76    1   58   75    2    4]
 [  20    2    0    2    0  179    4]
 [  28    5    0   15    5    7  176]]
Macro Precision/Recall/F-score:  (0.736511201536708, 0.6960863409144636, 0.7110614083083459, None)
Accuracy:  0.7900970139851329
Confusion Metric: 
 [[2974  232    6  249   39   18   26]
 [ 195 1448   29   39    8    5    9]
 [   9   46  267    0    0    1    0]
 [ 359   57    1 1133   23    2    3]
 [ 132   67    1   44   67    1    4]
 [   7    1    0    1    0  194    4]
 [  27    4    0   14    2    1  188]]
Macro Precision/Recall/F-score:  (0.7695518095876386, 0.7378809269211872, 0.745643506232148, None)

epoch 26/30
ex_result
Accuracy:  0.7536852715131662
Confusion Metric: 
 [[2922  266    6  268   50   14   18]
 [ 191 1446   25   39   19    5    8]
 [  11   57  250    2    2    1    0]
 [ 470  126    3  934   32    4    9]
 [ 100   76    1   58   75    2    4]
 [  20    2    0    2    0  179    4]
 [  28    5    0   15    5    7  176]]
Macro Precision/Recall/F-score:  (0.736511201536708, 0.6960863409144636, 0.7110614083083459, None)
Accuracy:  0.7894670530427114
Confusion Metric: 
 [[2971  280    6  207   38   14   28]
 [ 159 1496   21   34    8    6    9]
 [   8   53  260    0    1    1    0]
 [ 400   59    1 1089   21    2    6]
 [ 125   72    1   46   65    1    6]
 [   7    2    0    0    0  192    6]
 [  27    3    0   10    2    1  193]]
Macro Precision/Recall/F-score:  (0.7706879850407075, 0.7353796984507293, 0.743658753311393, None)

epoch 27/30
ex_result
Accuracy:  0.7536852715131662
Confusion Metric: 
 [[2922  266    6  268   50   14   18]
 [ 191 1446   25   39   19    5    8]
 [  11   57  250    2    2    1    0]
 [ 470  126    3  934   32    4    9]
 [ 100   76    1   58   75    2    4]
 [  20    2    0    2    0  179    4]
 [  28    5    0   15    5    7  176]]
Macro Precision/Recall/F-score:  (0.736511201536708, 0.6960863409144636, 0.7110614083083459, None)
Accuracy:  0.7894670530427114
Confusion Metric: 
 [[3069  225    5  165   42   14   24]
 [ 217 1439   24   29   11    5    8]
 [  12   49  260    0    1    1    0]
 [ 446   50    1 1053   24    2    2]
 [ 140   56    1   45   69    1    4]
 [  11    1    0    0    0  190    5]
 [  33    4    0   10    2    1  186]]
Macro Precision/Recall/F-score:  (0.7765186321160025, 0.7275630008185715, 0.7440168809404316, None)

epoch 28/30
ex_result
Accuracy:  0.7536852715131662
Confusion Metric: 
 [[2922  266    6  268   50   14   18]
 [ 191 1446   25   39   19    5    8]
 [  11   57  250    2    2    1    0]
 [ 470  126    3  934   32    4    9]
 [ 100   76    1   58   75    2    4]
 [  20    2    0    2    0  179    4]
 [  28    5    0   15    5    7  176]]
Macro Precision/Recall/F-score:  (0.736511201536708, 0.6960863409144636, 0.7110614083083459, None)
Accuracy:  0.7933728108857251
Confusion Metric: 
 [[2978  270    5  214   36   13   28]
 [ 172 1488   18   35    8    4    8]
 [   9   54  258    1    0    1    0]
 [ 373   52    1 1129   18    2    3]
 [ 128   70    1   48   64    1    4]
 [   9    1    0    1    0  190    6]
 [  29    4    0   11    1    1  190]]
Macro Precision/Recall/F-score:  (0.7805831344707767, 0.7340907315674395, 0.7469504701002946, None)

epoch 29/30
ex_result
Accuracy:  0.7536852715131662
Confusion Metric: 
 [[2922  266    6  268   50   14   18]
 [ 191 1446   25   39   19    5    8]
 [  11   57  250    2    2    1    0]
 [ 470  126    3  934   32    4    9]
 [ 100   76    1   58   75    2    4]
 [  20    2    0    2    0  179    4]
 [  28    5    0   15    5    7  176]]
Macro Precision/Recall/F-score:  (0.736511201536708, 0.6960863409144636, 0.7110614083083459, None)
Accuracy:  0.7874511780269623
Confusion Metric: 
 [[3017  321    5  132   27   15   27]
 [ 154 1524   17   21    4    4    9]
 [   8   58  256    0    0    1    0]
 [ 460   78    1 1014   21    2    2]
 [ 130   81    1   43   55    1    5]
 [   7    2    0    0    0  193    5]
 [  28    5    0    9    2    1  191]]
Macro Precision/Recall/F-score:  (0.7812809395487174, 0.725941840047451, 0.7386315756917324, None)

best_epoch:  28 0.7469504701002946 0.7933728108857251


time= 1232
use 343 from author
Loading Data...
len(test_X):  981
len(train_X):  3803
paragraph level BiLSTM label embedding

epoch 0/30
ex_result
Accuracy:  0.7472596699004662
Confusion Metric: 
 [[2885  251    6  275   84   16   27]
 [ 176 1402   17   74   52    3    9]
 [  13   65  235    5    4    1    0]
 [ 483   82    4  948   50    3    8]
 [ 100   59    1   52   98    1    5]
 [  22    2    0    1    1  177    4]
 [  22    6    1   13    5    3  186]]
Macro Precision/Recall/F-score:  (0.7275447746854103, 0.7006718464207558, 0.7121927711698847, None)
Accuracy:  0.761622779387678
Confusion Metric: 
 [[3032  259    6  154   50   16   27]
 [ 218 1425   17   36   25    3    9]
 [  17   64  235    3    3    1    0]
 [ 530   69    4  934   32    3    6]
 [ 153   71    1   27   58    1    5]
 [  23    2    0    0    1  177    4]
 [  29    6    1   10    3    3  184]]
Macro Precision/Recall/F-score:  (0.7413707951247112, 0.6879320598103497, 0.707316571057908, None)

epoch 1/30
ex_result
Accuracy:  0.7472596699004662
Confusion Metric: 
 [[2885  251    6  275   84   16   27]
 [ 176 1402   17   74   52    3    9]
 [  13   65  235    5    4    1    0]
 [ 483   82    4  948   50    3    8]
 [ 100   59    1   52   98    1    5]
 [  22    2    0    1    1  177    4]
 [  22    6    1   13    5    3  186]]
Macro Precision/Recall/F-score:  (0.7275447746854103, 0.7006718464207558, 0.7121927711698847, None)
Accuracy:  0.7631346856494897
Confusion Metric: 
 [[3045  235    6  160   52   16   30]
 [ 230 1420   17   24   30    3    9]
 [  16   66  235    2    3    1    0]
 [ 532   65    4  929   39    3    6]
 [ 156   56    1   33   64    1    5]
 [  23    2    0    0    1  177    4]
 [  26    5    1   11    3    3  187]]
Macro Precision/Recall/F-score:  (0.7417942236508968, 0.692119722625221, 0.7105726311058266, None)

epoch 2/30
ex_result
Accuracy:  0.7472596699004662
Confusion Metric: 
 [[2885  251    6  275   84   16   27]
 [ 176 1402   17   74   52    3    9]
 [  13   65  235    5    4    1    0]
 [ 483   82    4  948   50    3    8]
 [ 100   59    1   52   98    1    5]
 [  22    2    0    1    1  177    4]
 [  22    6    1   13    5    3  186]]
Macro Precision/Recall/F-score:  (0.7275447746854103, 0.7006718464207558, 0.7121927711698847, None)
Accuracy:  0.765654529419176
Confusion Metric: 
 [[3051  253    6  142   50   16   26]
 [ 212 1456   17   17   21    3    7]
 [  17   65  237    1    2    1    0]
 [ 545   74    4  912   36    3    4]
 [ 137   78    1   30   64    1    5]
 [  23    2    0    0    1  177    4]
 [  27    8    1   14    3    3  180]]
Macro Precision/Recall/F-score:  (0.7494865159032505, 0.6904374413177778, 0.7118900548610599, None)

epoch 3/30
ex_result
Accuracy:  0.7472596699004662
Confusion Metric: 
 [[2885  251    6  275   84   16   27]
 [ 176 1402   17   74   52    3    9]
 [  13   65  235    5    4    1    0]
 [ 483   82    4  948   50    3    8]
 [ 100   59    1   52   98    1    5]
 [  22    2    0    1    1  177    4]
 [  22    6    1   13    5    3  186]]
Macro Precision/Recall/F-score:  (0.7275447746854103, 0.7006718464207558, 0.7121927711698847, None)
Accuracy:  0.7674184200579564
Confusion Metric: 
 [[3049  250    6  129   62   16   32]
 [ 198 1455   18   17   30    3   12]
 [  17   64  237    1    3    1    0]
 [ 548   74    4  912   31    3    6]
 [ 137   68    1   31   73    1    5]
 [  23    2    0    0    1  177    4]
 [  23    7    1   10    4    3  188]]
Macro Precision/Recall/F-score:  (0.7463388089789523, 0.6991857198338044, 0.7157874660785818, None)

epoch 4/30
ex_result
Accuracy:  0.7472596699004662
Confusion Metric: 
 [[2885  251    6  275   84   16   27]
 [ 176 1402   17   74   52    3    9]
 [  13   65  235    5    4    1    0]
 [ 483   82    4  948   50    3    8]
 [ 100   59    1   52   98    1    5]
 [  22    2    0    1    1  177    4]
 [  22    6    1   13    5    3  186]]
Macro Precision/Recall/F-score:  (0.7275447746854103, 0.7006718464207558, 0.7121927711698847, None)
Accuracy:  0.768048381000378
Confusion Metric: 
 [[3049  226    6  151   66   16   30]
 [ 223 1428   19   18   31    4   10]
 [  19   63  236    1    3    1    0]
 [ 530   62    4  933   40    3    6]
 [ 129   63    1   33   84    1    5]
 [  23    2    0    0    1  177    4]
 [  22    6    1   11    4    3  189]]
Macro Precision/Recall/F-score:  (0.7481763403849511, 0.7039970776997064, 0.7208155457009661, None)

epoch 5/30
ex_result
Accuracy:  0.7472596699004662
Confusion Metric: 
 [[2885  251    6  275   84   16   27]
 [ 176 1402   17   74   52    3    9]
 [  13   65  235    5    4    1    0]
 [ 483   82    4  948   50    3    8]
 [ 100   59    1   52   98    1    5]
 [  22    2    0    1    1  177    4]
 [  22    6    1   13    5    3  186]]
Macro Precision/Recall/F-score:  (0.7275447746854103, 0.7006718464207558, 0.7121927711698847, None)
Accuracy:  0.7710721935240015
Confusion Metric: 
 [[3038  235    8  150   69   16   28]
 [ 219 1431   19   20   30    4   10]
 [  16   60  242    1    3    1    0]
 [ 503   65    4  960   38    2    6]
 [ 127   67    1   33   82    1    5]
 [  23    2    0    0    1  177    4]
 [  22    6    1   10    4    3  190]]
Macro Precision/Recall/F-score:  (0.7492679034694348, 0.7086001571893735, 0.7242739038335532, None)

epoch 6/30
ex_result
Accuracy:  0.7472596699004662
Confusion Metric: 
 [[2885  251    6  275   84   16   27]
 [ 176 1402   17   74   52    3    9]
 [  13   65  235    5    4    1    0]
 [ 483   82    4  948   50    3    8]
 [ 100   59    1   52   98    1    5]
 [  22    2    0    1    1  177    4]
 [  22    6    1   13    5    3  186]]
Macro Precision/Recall/F-score:  (0.7275447746854103, 0.7006718464207558, 0.7121927711698847, None)
Accuracy:  0.7725840997858133
Confusion Metric: 
 [[3054  254    8  143   41   16   28]
 [ 203 1456   21   19   23    4    7]
 [  16   59  245    1    1    1    0]
 [ 517   67    4  950   31    3    6]
 [ 148   69    1   31   61    1    5]
 [  24    2    0    0    0  177    4]
 [  23    6    1   10    4    3  189]]
Macro Precision/Recall/F-score:  (0.7512567543045464, 0.7016284899829757, 0.7183984896475941, None)

epoch 7/30
ex_result
Accuracy:  0.7472596699004662
Confusion Metric: 
 [[2885  251    6  275   84   16   27]
 [ 176 1402   17   74   52    3    9]
 [  13   65  235    5    4    1    0]
 [ 483   82    4  948   50    3    8]
 [ 100   59    1   52   98    1    5]
 [  22    2    0    1    1  177    4]
 [  22    6    1   13    5    3  186]]
Macro Precision/Recall/F-score:  (0.7275447746854103, 0.7006718464207558, 0.7121927711698847, None)
Accuracy:  0.7766158498173114
Confusion Metric: 
 [[3048  216    6  193   39   17   25]
 [ 240 1417   18   25   20    4    9]
 [  21   58  241    1    1    1    0]
 [ 451   64    4 1029   23    3    4]
 [ 143   62    1   43   60    1    6]
 [  21    2    0    0    1  179    4]
 [  24    5    1   11    2    3  190]]
Macro Precision/Recall/F-score:  (0.7569110196862212, 0.705088019602553, 0.722930929705209, None)

epoch 8/30
ex_result
Accuracy:  0.7472596699004662
Confusion Metric: 
 [[2885  251    6  275   84   16   27]
 [ 176 1402   17   74   52    3    9]
 [  13   65  235    5    4    1    0]
 [ 483   82    4  948   50    3    8]
 [ 100   59    1   52   98    1    5]
 [  22    2    0    1    1  177    4]
 [  22    6    1   13    5    3  186]]
Macro Precision/Recall/F-score:  (0.7275447746854103, 0.7006718464207558, 0.7121927711698847, None)
Accuracy:  0.7797656545294191
Confusion Metric: 
 [[3048  242    7  154   54   17   22]
 [ 202 1454   20   18   29    6    4]
 [  17   58  246    0    1    1    0]
 [ 471   67    4  992   37    2    5]
 [ 126   64    1   36   85    1    3]
 [  21    2    0    0    0  180    4]
 [  27    5    1   12    4    3  184]]
Macro Precision/Recall/F-score:  (0.762653702319709, 0.7153599977687505, 0.7340267200491716, None)

epoch 9/30
ex_result
Accuracy:  0.7472596699004662
Confusion Metric: 
 [[2885  251    6  275   84   16   27]
 [ 176 1402   17   74   52    3    9]
 [  13   65  235    5    4    1    0]
 [ 483   82    4  948   50    3    8]
 [ 100   59    1   52   98    1    5]
 [  22    2    0    1    1  177    4]
 [  22    6    1   13    5    3  186]]
Macro Precision/Recall/F-score:  (0.7275447746854103, 0.7006718464207558, 0.7121927711698847, None)
Accuracy:  0.7766158498173114
Confusion Metric: 
 [[3056  258    8  141   42   14   25]
 [ 214 1453   24   18   15    5    4]
 [  16   57  248    0    1    1    0]
 [ 493   69    4  972   30    3    7]
 [ 142   68    1   32   69    1    3]
 [  23    2    0    0    0  178    4]
 [  26    5    1   10    3    3  188]]
Macro Precision/Recall/F-score:  (0.7626976290618739, 0.7084817673307896, 0.7272723345001902, None)

epoch 10/30
ex_result
Accuracy:  0.7472596699004662
Confusion Metric: 
 [[2885  251    6  275   84   16   27]
 [ 176 1402   17   74   52    3    9]
 [  13   65  235    5    4    1    0]
 [ 483   82    4  948   50    3    8]
 [ 100   59    1   52   98    1    5]
 [  22    2    0    1    1  177    4]
 [  22    6    1   13    5    3  186]]
Macro Precision/Recall/F-score:  (0.7275447746854103, 0.7006718464207558, 0.7121927711698847, None)
Accuracy:  0.7790097013985133
Confusion Metric: 
 [[3041  240   10  159   49   16   29]
 [ 205 1446   28   17   22    5   10]
 [  19   43  258    1    1    1    0]
 [ 475   66    4  988   36    2    7]
 [ 135   67    1   31   76    1    5]
 [  19    2    0    0    0  181    5]
 [  23    3    1   10    3    3  193]]
Macro Precision/Recall/F-score:  (0.7531360024178158, 0.721432984242566, 0.7317330217541906, None)

epoch 11/30
ex_result
Accuracy:  0.7472596699004662
Confusion Metric: 
 [[2885  251    6  275   84   16   27]
 [ 176 1402   17   74   52    3    9]
 [  13   65  235    5    4    1    0]
 [ 483   82    4  948   50    3    8]
 [ 100   59    1   52   98    1    5]
 [  22    2    0    1    1  177    4]
 [  22    6    1   13    5    3  186]]
Macro Precision/Recall/F-score:  (0.7275447746854103, 0.7006718464207558, 0.7121927711698847, None)
Accuracy:  0.7793876779639662
Confusion Metric: 
 [[3044  269   11  142   36   12   30]
 [ 187 1482   20   15   15    6    8]
 [  15   60  246    0    1    1    0]
 [ 491   73    4  979   21    2    8]
 [ 145   71    1   30   61    1    7]
 [  21    2    0    0    0  179    5]
 [  20    7    0   10    1    3  195]]
Macro Precision/Recall/F-score:  (0.7621995009878179, 0.7114485539570496, 0.7257633007275591, None)

epoch 12/30
ex_result
Accuracy:  0.7472596699004662
Confusion Metric: 
 [[2885  251    6  275   84   16   27]
 [ 176 1402   17   74   52    3    9]
 [  13   65  235    5    4    1    0]
 [ 483   82    4  948   50    3    8]
 [ 100   59    1   52   98    1    5]
 [  22    2    0    1    1  177    4]
 [  22    6    1   13    5    3  186]]
Macro Precision/Recall/F-score:  (0.7275447746854103, 0.7006718464207558, 0.7121927711698847, None)
Accuracy:  0.776489857628827
Confusion Metric: 
 [[3062  234   11  144   39   20   34]
 [ 219 1437   23   19   20    5   10]
 [  15   54  251    0    2    1    0]
 [ 508   64    4  970   20    3    9]
 [ 141   66    1   38   61    1    8]
 [  13    2    0    0    0  187    5]
 [  22    4    1    9    2    3  195]]
Macro Precision/Recall/F-score:  (0.7495466625158088, 0.7153823070784134, 0.7229137965471345, None)

epoch 13/30
ex_result
Accuracy:  0.7472596699004662
Confusion Metric: 
 [[2885  251    6  275   84   16   27]
 [ 176 1402   17   74   52    3    9]
 [  13   65  235    5    4    1    0]
 [ 483   82    4  948   50    3    8]
 [ 100   59    1   52   98    1    5]
 [  22    2    0    1    1  177    4]
 [  22    6    1   13    5    3  186]]
Macro Precision/Recall/F-score:  (0.7275447746854103, 0.7006718464207558, 0.7121927711698847, None)
Accuracy:  0.7758598966864054
Confusion Metric: 
 [[3106  224    6  117   53   12   26]
 [ 227 1432   18   18   26    5    7]
 [  23   59  238    1    1    1    0]
 [ 551   60    3  924   34    2    4]
 [ 133   63    1   27   87    1    4]
 [  17    2    0    0    1  182    5]
 [  26    6    0   10    3    2  189]]
Macro Precision/Recall/F-score:  (0.7699901326686385, 0.7115011414559852, 0.7333864271649491, None)

epoch 14/30
ex_result
Accuracy:  0.7472596699004662
Confusion Metric: 
 [[2885  251    6  275   84   16   27]
 [ 176 1402   17   74   52    3    9]
 [  13   65  235    5    4    1    0]
 [ 483   82    4  948   50    3    8]
 [ 100   59    1   52   98    1    5]
 [  22    2    0    1    1  177    4]
 [  22    6    1   13    5    3  186]]
Macro Precision/Recall/F-score:  (0.7275447746854103, 0.7006718464207558, 0.7121927711698847, None)
Accuracy:  0.7800176389063878
Confusion Metric: 
 [[3058  255    9  146   33   12   31]
 [ 207 1463   24   18    6    5   10]
 [  17   46  259    0    0    1    0]
 [ 484   79    3  981   20    2    9]
 [ 145   76    1   31   55    1    7]
 [  21    2    0    0    0  179    5]
 [  20    7    0   10    0    3  196]]
Macro Precision/Recall/F-score:  (0.7655246283786307, 0.7142702315642274, 0.7263311944788546, None)

epoch 15/30
ex_result
Accuracy:  0.7472596699004662
Confusion Metric: 
 [[2885  251    6  275   84   16   27]
 [ 176 1402   17   74   52    3    9]
 [  13   65  235    5    4    1    0]
 [ 483   82    4  948   50    3    8]
 [ 100   59    1   52   98    1    5]
 [  22    2    0    1    1  177    4]
 [  22    6    1   13    5    3  186]]
Macro Precision/Recall/F-score:  (0.7275447746854103, 0.7006718464207558, 0.7121927711698847, None)
Accuracy:  0.7783797404560917
Confusion Metric: 
 [[3102  223   10  139   33   12   25]
 [ 240 1425   29   17   10    5    7]
 [  20   44  257    0    1    1    0]
 [ 514   64    4  970   19    2    5]
 [ 152   69    1   35   52    1    6]
 [  18    2    0    0    0  182    5]
 [  28    4    1   10    0    3  190]]
Macro Precision/Recall/F-score:  (0.7647158125633741, 0.7081131759156258, 0.7237863493472763, None)

epoch 16/30
ex_result
Accuracy:  0.7472596699004662
Confusion Metric: 
 [[2885  251    6  275   84   16   27]
 [ 176 1402   17   74   52    3    9]
 [  13   65  235    5    4    1    0]
 [ 483   82    4  948   50    3    8]
 [ 100   59    1   52   98    1    5]
 [  22    2    0    1    1  177    4]
 [  22    6    1   13    5    3  186]]
Macro Precision/Recall/F-score:  (0.7275447746854103, 0.7006718464207558, 0.7121927711698847, None)
Accuracy:  0.7792616857754819
Confusion Metric: 
 [[3104  222    9  135   36   12   26]
 [ 231 1444   21   16   11    4    6]
 [  17   55  248    1    1    1    0]
 [ 523   66    4  954   23    2    6]
 [ 154   67    1   27   61    1    5]
 [  20    2    0    0    0  180    5]
 [  24    7    1    7    0    3  194]]
Macro Precision/Recall/F-score:  (0.771105844668237, 0.7094407639612607, 0.7284770709247391, None)

epoch 17/30
ex_result
Accuracy:  0.7472596699004662
Confusion Metric: 
 [[2885  251    6  275   84   16   27]
 [ 176 1402   17   74   52    3    9]
 [  13   65  235    5    4    1    0]
 [ 483   82    4  948   50    3    8]
 [ 100   59    1   52   98    1    5]
 [  22    2    0    1    1  177    4]
 [  22    6    1   13    5    3  186]]
Macro Precision/Recall/F-score:  (0.7275447746854103, 0.7006718464207558, 0.7121927711698847, None)
Accuracy:  0.7762378732518583
Confusion Metric: 
 [[3112  205   12  116   49   12   38]
 [ 241 1422   23   15   18    4   10]
 [  18   50  252    0    2    1    0]
 [ 543   61    4  918   36    2   14]
 [ 148   61    1   22   75    1    8]
 [  21    2    0    0    0  179    5]
 [  24    3    1    3    1    1  203]]
Macro Precision/Recall/F-score:  (0.7571966245236005, 0.7175466600874161, 0.7284786004962794, None)

epoch 18/30
ex_result
Accuracy:  0.7472596699004662
Confusion Metric: 
 [[2885  251    6  275   84   16   27]
 [ 176 1402   17   74   52    3    9]
 [  13   65  235    5    4    1    0]
 [ 483   82    4  948   50    3    8]
 [ 100   59    1   52   98    1    5]
 [  22    2    0    1    1  177    4]
 [  22    6    1   13    5    3  186]]
Macro Precision/Recall/F-score:  (0.7275447746854103, 0.7006718464207558, 0.7121927711698847, None)
Accuracy:  0.7802696232833565
Confusion Metric: 
 [[3069  250   10  138   37   13   27]
 [ 205 1461   22   19   13    5    8]
 [  18   52  251    0    1    1    0]
 [ 509   63    4  969   27    2    4]
 [ 146   71    1   32   60    1    5]
 [  14    2    0    0    0  186    5]
 [  22    5    1    7    1    3  197]]
Macro Precision/Recall/F-score:  (0.7645875289031215, 0.7176207891146603, 0.7309680963150571, None)

epoch 19/30
ex_result
Accuracy:  0.7472596699004662
Confusion Metric: 
 [[2885  251    6  275   84   16   27]
 [ 176 1402   17   74   52    3    9]
 [  13   65  235    5    4    1    0]
 [ 483   82    4  948   50    3    8]
 [ 100   59    1   52   98    1    5]
 [  22    2    0    1    1  177    4]
 [  22    6    1   13    5    3  186]]
Macro Precision/Recall/F-score:  (0.7275447746854103, 0.7006718464207558, 0.7121927711698847, None)
Accuracy:  0.7780017638906388
Confusion Metric: 
 [[3102  225    8  130   40   12   27]
 [ 224 1442   20   20   15    5    7]
 [  16   58  246    1    1    1    0]
 [ 544   59    3  939   23    2    8]
 [ 147   68    1   27   67    1    5]
 [  16    2    0    0    0  185    4]
 [  27    5    1    7    0    2  194]]
Macro Precision/Recall/F-score:  (0.7705742417309308, 0.7131158889729589, 0.7310924815908167, None)

epoch 20/30
ex_result
Accuracy:  0.7472596699004662
Confusion Metric: 
 [[2885  251    6  275   84   16   27]
 [ 176 1402   17   74   52    3    9]
 [  13   65  235    5    4    1    0]
 [ 483   82    4  948   50    3    8]
 [ 100   59    1   52   98    1    5]
 [  22    2    0    1    1  177    4]
 [  22    6    1   13    5    3  186]]
Macro Precision/Recall/F-score:  (0.7275447746854103, 0.7006718464207558, 0.7121927711698847, None)
Accuracy:  0.7815295451681996
Confusion Metric: 
 [[3056  226    9  168   38   13   34]
 [ 231 1424   26   24   13    6    9]
 [  16   45  259    1    1    1    0]
 [ 462   57    3 1020   27    2    7]
 [ 144   67    1   32   64    1    7]
 [  18    2    0    0    0  182    5]
 [  20    5    1    8    1    3  198]]
Macro Precision/Recall/F-score:  (0.7593365029819656, 0.7218551615083452, 0.7318977811571357, None)

epoch 21/30
ex_result
Accuracy:  0.7472596699004662
Confusion Metric: 
 [[2885  251    6  275   84   16   27]
 [ 176 1402   17   74   52    3    9]
 [  13   65  235    5    4    1    0]
 [ 483   82    4  948   50    3    8]
 [ 100   59    1   52   98    1    5]
 [  22    2    0    1    1  177    4]
 [  22    6    1   13    5    3  186]]
Macro Precision/Recall/F-score:  (0.7275447746854103, 0.7006718464207558, 0.7121927711698847, None)
Accuracy:  0.7845533576918231
Confusion Metric: 
 [[3042  236   10  162   50   13   31]
 [ 205 1441   26   31   16    5    9]
 [  16   46  258    1    1    1    0]
 [ 456   52    4 1023   31    2   10]
 [ 129   65    1   34   80    1    6]
 [  16    2    0    0    0  184    5]
 [  22    6    0    6    1    2  199]]
Macro Precision/Recall/F-score:  (0.7623168718339982, 0.7317403673503022, 0.741045634169388, None)

epoch 22/30
ex_result
Accuracy:  0.7472596699004662
Confusion Metric: 
 [[2885  251    6  275   84   16   27]
 [ 176 1402   17   74   52    3    9]
 [  13   65  235    5    4    1    0]
 [ 483   82    4  948   50    3    8]
 [ 100   59    1   52   98    1    5]
 [  22    2    0    1    1  177    4]
 [  22    6    1   13    5    3  186]]
Macro Precision/Recall/F-score:  (0.7275447746854103, 0.7006718464207558, 0.7121927711698847, None)
Accuracy:  0.7815295451681996
Confusion Metric: 
 [[3086  217    8  151   37   11   34]
 [ 237 1424   25   20   13    4   10]
 [  22   48  251    1    0    1    0]
 [ 484   61    3  993   26    2    9]
 [ 140   68    1   34   64    1    8]
 [  14    2    0    0    0  186    5]
 [  24    4    1    7    0    1  199]]
Macro Precision/Recall/F-score:  (0.7648211511442048, 0.7204477190658565, 0.7325018198777427, None)

epoch 23/30
ex_result
Accuracy:  0.7472596699004662
Confusion Metric: 
 [[2885  251    6  275   84   16   27]
 [ 176 1402   17   74   52    3    9]
 [  13   65  235    5    4    1    0]
 [ 483   82    4  948   50    3    8]
 [ 100   59    1   52   98    1    5]
 [  22    2    0    1    1  177    4]
 [  22    6    1   13    5    3  186]]
Macro Precision/Recall/F-score:  (0.7275447746854103, 0.7006718464207558, 0.7121927711698847, None)
Accuracy:  0.782537482676074
Confusion Metric: 
 [[3100  213    7  143   42    9   30]
 [ 229 1433   20   21   17    4    9]
 [  23   51  245    1    2    1    0]
 [ 499   60    3  982   26    2    6]
 [ 147   62    1   31   70    1    4]
 [  16    2    0    0    1  184    4]
 [  25    4    1    7    1    1  197]]
Macro Precision/Recall/F-score:  (0.7721476243376918, 0.718225986807048, 0.7365438912627204, None)

epoch 24/30
ex_result
Accuracy:  0.7472596699004662
Confusion Metric: 
 [[2885  251    6  275   84   16   27]
 [ 176 1402   17   74   52    3    9]
 [  13   65  235    5    4    1    0]
 [ 483   82    4  948   50    3    8]
 [ 100   59    1   52   98    1    5]
 [  22    2    0    1    1  177    4]
 [  22    6    1   13    5    3  186]]
Macro Precision/Recall/F-score:  (0.7275447746854103, 0.7006718464207558, 0.7121927711698847, None)
Accuracy:  0.7810255764142623
Confusion Metric: 
 [[3045  238   11  170   36   12   32]
 [ 210 1449   21   26   14    4    9]
 [  15   55  250    1    1    1    0]
 [ 478   58    4 1012   19    2    5]
 [ 140   65    1   43   61    1    5]
 [  14    2    0    0    1  185    5]
 [  23    7    0    8    0    1  197]]
Macro Precision/Recall/F-score:  (0.7660141274082787, 0.7188766361759747, 0.7322270799467493, None)

epoch 25/30
ex_result
Accuracy:  0.7472596699004662
Confusion Metric: 
 [[2885  251    6  275   84   16   27]
 [ 176 1402   17   74   52    3    9]
 [  13   65  235    5    4    1    0]
 [ 483   82    4  948   50    3    8]
 [ 100   59    1   52   98    1    5]
 [  22    2    0    1    1  177    4]
 [  22    6    1   13    5    3  186]]
Macro Precision/Recall/F-score:  (0.7275447746854103, 0.7006718464207558, 0.7121927711698847, None)
Accuracy:  0.7817815295451682
Confusion Metric: 
 [[3101  205   11  146   37   12   32]
 [ 252 1397   28   28   15    4    9]
 [  22   43  257    0    0    1    0]
 [ 491   50    4 1005   20    3    5]
 [ 149   66    1   31   60    1    8]
 [  12    2    0    0    0  189    4]
 [  26    4    1    8    0    1  196]]
Macro Precision/Recall/F-score:  (0.7648239905495292, 0.7210128136268915, 0.7325868688904543, None)

epoch 26/30
ex_result
Accuracy:  0.7472596699004662
Confusion Metric: 
 [[2885  251    6  275   84   16   27]
 [ 176 1402   17   74   52    3    9]
 [  13   65  235    5    4    1    0]
 [ 483   82    4  948   50    3    8]
 [ 100   59    1   52   98    1    5]
 [  22    2    0    1    1  177    4]
 [  22    6    1   13    5    3  186]]
Macro Precision/Recall/F-score:  (0.7275447746854103, 0.7006718464207558, 0.7121927711698847, None)
Accuracy:  0.7821595061106211
Confusion Metric: 
 [[3096  209   11  144   40   11   33]
 [ 242 1419   22   22   15    3   10]
 [  21   50  251    0    0    1    0]
 [ 494   57    3  996   20    2    6]
 [ 142   64    1   37   65    1    6]
 [  19    2    0    0    0  182    4]
 [  26    4    1    5    0    1  199]]
Macro Precision/Recall/F-score:  (0.7699024334790696, 0.7184017942590996, 0.7339727815061312, None)

epoch 27/30
ex_result
Accuracy:  0.7472596699004662
Confusion Metric: 
 [[2885  251    6  275   84   16   27]
 [ 176 1402   17   74   52    3    9]
 [  13   65  235    5    4    1    0]
 [ 483   82    4  948   50    3    8]
 [ 100   59    1   52   98    1    5]
 [  22    2    0    1    1  177    4]
 [  22    6    1   13    5    3  186]]
Macro Precision/Recall/F-score:  (0.7275447746854103, 0.7006718464207558, 0.7121927711698847, None)
Accuracy:  0.7824114904875897
Confusion Metric: 
 [[3066  231   12  147   41   13   34]
 [ 219 1442   20   20   16    5   11]
 [  17   54  250    1    0    1    0]
 [ 490   59    3  992   21    2   11]
 [ 140   68    1   31   68    1    7]
 [  13    2    0    0    0  188    4]
 [  21    4    1    5    0    1  204]]
Macro Precision/Recall/F-score:  (0.765481101726832, 0.7268077315563648, 0.7360993648406424, None)

epoch 28/30
ex_result
Accuracy:  0.7472596699004662
Confusion Metric: 
 [[2885  251    6  275   84   16   27]
 [ 176 1402   17   74   52    3    9]
 [  13   65  235    5    4    1    0]
 [ 483   82    4  948   50    3    8]
 [ 100   59    1   52   98    1    5]
 [  22    2    0    1    1  177    4]
 [  22    6    1   13    5    3  186]]
Macro Precision/Recall/F-score:  (0.7275447746854103, 0.7006718464207558, 0.7121927711698847, None)
Accuracy:  0.7802696232833565
Confusion Metric: 
 [[3107  207   12  134   41   12   31]
 [ 229 1431   23   16   22    4    8]
 [  18   48  255    0    1    1    0]
 [ 544   58    3  940   25    2    6]
 [ 147   64    1   24   74    1    5]
 [  14    2    0    0    0  187    4]
 [  27    5    0    4    0    1  199]]
Macro Precision/Recall/F-score:  (0.7709360910934269, 0.7240531927631789, 0.738437971372213, None)

epoch 29/30
ex_result
Accuracy:  0.7472596699004662
Confusion Metric: 
 [[2885  251    6  275   84   16   27]
 [ 176 1402   17   74   52    3    9]
 [  13   65  235    5    4    1    0]
 [ 483   82    4  948   50    3    8]
 [ 100   59    1   52   98    1    5]
 [  22    2    0    1    1  177    4]
 [  22    6    1   13    5    3  186]]
Macro Precision/Recall/F-score:  (0.7275447746854103, 0.7006718464207558, 0.7121927711698847, None)
Accuracy:  0.7871991936499937
Confusion Metric: 
 [[3052  227    8  166   48   12   31]
 [ 202 1444   27   26   19    5   10]
 [  18   44  259    0    1    1    0]
 [ 444   57    3 1035   26    3   10]
 [ 134   62    1   35   75    1    8]
 [  17    2    0    0    0  183    5]
 [  23    4    1    7    0    1  200]]
Macro Precision/Recall/F-score:  (0.7629848958891431, 0.7315742096338494, 0.7406760138609977, None)

best_epoch:  21 0.741045634169388 0.7845533576918231


valid f1:  0.7438596726796116 [0.7435829137691525, 0.7469504701002946, 0.741045634169388]
valid acc: 0.7871151988576708 [0.7834194279954643, 0.7933728108857251, 0.7845533576918231]
