['/home/lizhuoqun/SE_type_code', '/home/lizhuoqun/anconda/envs/py38/lib/python38.zip', '/home/lizhuoqun/anconda/envs/py38/lib/python3.8', '/home/lizhuoqun/anconda/envs/py38/lib/python3.8/lib-dynload', '/home/lizhuoqun/anconda/envs/py38/lib/python3.8/site-packages', '/home/lizhuoqun/SE_type_code/data', '/home/lizhuoqun/SE_type_code/tools', '/home/lizhuoqun/SE_type_code/models', '/home/lizhuoqun/SE_type_code/pre_train']
sentence level BiLSTM
Namespace(BATCH_SIZE=128, DROPOUT=0.5, EPOCHs=30, EX_LOSS=0, FREEZE=0, IF_USE_EX_INITIAL_1=1, IF_USE_EX_INITIAL_2=0, LEARN_RATE=0.001)


time= 1230
use 343 from author
Loading Data...
len(test_X):  981
len(train_X):  3803
paragraph level BiLSTM label embedding

epoch 0/30
ex_result
Accuracy:  0.7404560917223132
Confusion Metric: 
 [[2700  228    8  456  116    9   27]
 [ 157 1412   30   52   66    6   10]
 [  19   45  256    1    2    0    0]
 [ 353  101    4 1042   69    0    9]
 [  76   62    2   55  113    1    7]
 [  25    1    1    8    4  163    5]
 [  13    6    2   20    4    0  191]]
Macro Precision/Recall/F-score:  (0.7187498569646248, 0.7119826945688573, 0.7139409938797644, None)
Accuracy:  0.7520473730628701
Confusion Metric: 
 [[2719  230    8  468   82    9   28]
 [ 175 1401   30   58   53    6   10]
 [  19   45  256    1    2    0    0]
 [ 297   69    3 1160   42    0    7]
 [  99   60    2   68   79    1    7]
 [  27    2    1    5    4  163    5]
 [  14    6    2   21    2    0  191]]
Macro Precision/Recall/F-score:  (0.7233448539388474, 0.7071537035494898, 0.713585615623179, None)

epoch 1/30
ex_result
Accuracy:  0.7429759354919995
Confusion Metric: 
 [[2761  215    8  430   90   13   27]
 [ 150 1402   22   76   66    6   11]
 [  16   55  248    2    2    0    0]
 [ 395   86    2 1033   49    2   11]
 [  74   62    1   86   83    1    9]
 [  19    1    1    3    2  175    6]
 [  13    6    1   20    1    0  195]]
Macro Precision/Recall/F-score:  (0.7142409844107769, 0.7064047064873883, 0.7092808204087193, None)
Accuracy:  0.759228927806476
Confusion Metric: 
 [[2839  212    7  357   89   13   27]
 [ 168 1396   22   69   61    6   11]
 [  16   56  248    1    2    0    0]
 [ 388   46    0 1097   40    2    5]
 [  90   61    1   77   77    1    9]
 [  20    1    1    2    2  175    6]
 [  15    6    1   19    1    0  194]]
Macro Precision/Recall/F-score:  (0.7273329513418746, 0.711530401216198, 0.7183849570775047, None)

epoch 2/30
ex_result
Accuracy:  0.7282348494393348
Confusion Metric: 
 [[2529  245    8  597  116   15   34]
 [ 130 1398   23   82   80    4   16]
 [  13   45  261    1    3    0    0]
 [ 296   85    3 1119   58    3   14]
 [  64   61    1   81   98    1   10]
 [  12    1    1    4    3  180    6]
 [  12    3    1   23    2    0  195]]
Macro Precision/Recall/F-score:  (0.7026855437001893, 0.7204902919126741, 0.7090424400526949, None)
Accuracy:  0.7543152324555877
Confusion Metric: 
 [[2670  251    8  452  111   15   37]
 [ 138 1427   23   50   76    4   15]
 [  13   45  261    1    3    0    0]
 [ 293   63    2 1165   43    3    9]
 [  78   64    1   66   96    1   10]
 [  13    1    1    3    3  180    6]
 [  13    3    1   28    3    0  188]]
Macro Precision/Recall/F-score:  (0.7172771751194921, 0.7275874680994, 0.7211072932216345, None)

epoch 3/30
ex_result
Accuracy:  0.7402041073453446
Confusion Metric: 
 [[2673  209    6  499  117   10   30]
 [ 177 1380   25   69   68    6    8]
 [  15   40  265    1    2    0    0]
 [ 321   88    4 1074   78    3   10]
 [  71   61    1   66  110    1    6]
 [  14    1    1    6    1  178    6]
 [  16    3    1   16    5    0  195]]
Macro Precision/Recall/F-score:  (0.7192945801286116, 0.7265510176018257, 0.721792454725729, None)
Accuracy:  0.7728360841627819
Confusion Metric: 
 [[2905  209    6  297   84   10   33]
 [ 187 1419   25   47   40    6    9]
 [  15   40  265    1    2    0    0]
 [ 382   52    3 1086   47    3    5]
 [ 100   63    1   57   88    1    6]
 [  17    1    1    3    1  178    6]
 [  20    4    1   14    4    0  193]]
Macro Precision/Recall/F-score:  (0.7413643675511723, 0.7290477054600507, 0.7344645491186712, None)

epoch 4/30
ex_result
Accuracy:  0.7357943807483937
Confusion Metric: 
 [[2628  239    6  555   79   10   27]
 [ 160 1384   30   78   63    6   12]
 [  12   45  263    1    2    0    0]
 [ 317   91    3 1109   45    2   11]
 [  67   63    1   87   91    1    6]
 [  15    1    1    8    2  174    6]
 [  14    1    1   25    4    0  191]]
Macro Precision/Recall/F-score:  (0.7155639360436591, 0.713579480047345, 0.713102173868574, None)
Accuracy:  0.7758598966864054
Confusion Metric: 
 [[2899  227    4  314   59   10   31]
 [ 189 1420   26   38   42    7   11]
 [  11   47  261    1    2    1    0]
 [ 349   59    1 1136   23    2    8]
 [ 101   68    1   69   70    1    6]
 [  16    2    1    4    0  178    6]
 [  17    2    1   20    2    0  194]]
Macro Precision/Recall/F-score:  (0.7422929930584203, 0.724113572853126, 0.7304753830174866, None)

epoch 5/30
ex_result
Accuracy:  0.7357943807483937
Confusion Metric: 
 [[2620  198    5  599   83   10   29]
 [ 192 1364   25   77   58    7   10]
 [  18   41  259    2    2    1    0]
 [ 310   84    4 1121   47    2   10]
 [  64   59    2   84   99    1    7]
 [  15    1    1    6    1  177    6]
 [  12    1    1   19    3    0  200]]
Macro Precision/Recall/F-score:  (0.7208538621666536, 0.7220605439195295, 0.7197360768313923, None)
Accuracy:  0.7650245684767545
Confusion Metric: 
 [[2756  186    4  509   43   10   36]
 [ 206 1380   24   65   39    7   12]
 [  17   40  261    2    2    1    0]
 [ 264   54    2 1231   18    2    7]
 [  85   62    2  101   58    1    7]
 [  15    1    1    5    1  178    6]
 [  10    1    1   14    2    0  208]]
Macro Precision/Recall/F-score:  (0.7357001252436077, 0.7267019856760036, 0.7251674189874329, None)

epoch 6/30
ex_result
Accuracy:  0.7153836462139347
Confusion Metric: 
 [[2323  218    5  851  101   12   34]
 [ 124 1367   34  119   63    6   20]
 [  15   39  264    2    2    1    0]
 [ 197   80    5 1240   43    3   10]
 [  45   54    2  105  100    1    9]
 [  14    1    1    4    1  179    7]
 [   7    2    0   21    1    0  205]]
Macro Precision/Recall/F-score:  (0.7048653450105486, 0.7281794173140447, 0.7100407131356418, None)
Accuracy:  0.7562051152828525
Confusion Metric: 
 [[2586  225    4  601   75   12   41]
 [ 131 1417   33   75   49    6   22]
 [  16   39  264    1    2    1    0]
 [ 225   50    4 1269   19    3    8]
 [  60   55    2  115   74    1    9]
 [  14    1    1    2    0  182    7]
 [   8    2    0   15    1    0  210]]
Macro Precision/Recall/F-score:  (0.7202551325063394, 0.7388708517571125, 0.7241103633180608, None)

epoch 7/30
ex_result
Accuracy:  0.7328965604132543
Confusion Metric: 
 [[2660  201    5  531  111   10   26]
 [ 188 1358   27   60   77    6   17]
 [  18   39  259    1    5    1    0]
 [ 344   86    5 1055   76    2   10]
 [  75   55    2   66  114    1    3]
 [  15    1    1    3    3  178    6]
 [  14    2    1   21    5    0  193]]
Macro Precision/Recall/F-score:  (0.7143334611387336, 0.7204373493115456, 0.7161332826731294, None)
Accuracy:  0.7782537482676074
Confusion Metric: 
 [[2897  208    5  324   69   10   31]
 [ 193 1397   29   37   52    6   19]
 [  18   38  261    1    4    1    0]
 [ 327   55    3 1149   37    2    5]
 [ 108   57    2   52   94    1    2]
 [  17    1    1    1    1  180    6]
 [  15    2    1   16    3    0  199]]
Macro Precision/Recall/F-score:  (0.7453623874114162, 0.7385706875236263, 0.7410291999214289, None)

epoch 8/30
ex_result
Accuracy:  0.7369283104447524
Confusion Metric: 
 [[2687  200    7  464  147   10   29]
 [ 163 1355   33   59  102    5   16]
 [  15   44  258    2    3    1    0]
 [ 341   92    5 1047   80    3   10]
 [  63   52    1   66  127    1    6]
 [  16    1    1    2    3  178    6]
 [  14    1    2   19    3    0  197]]
Macro Precision/Recall/F-score:  (0.7115439700784915, 0.728410223218364, 0.7175272601530871, None)
Accuracy:  0.7715761622779388
Confusion Metric: 
 [[2816  192    8  358  123   14   33]
 [ 173 1387   33   37   83    5   15]
 [  11   42  265    2    2    1    0]
 [ 310   54    3 1157   45    3    6]
 [  79   49    2   62  117    1    6]
 [  15    1    1    1    2  181    6]
 [  17    1    1   13    3    0  201]]
Macro Precision/Recall/F-score:  (0.7329914831823575, 0.7492732650619965, 0.7402458024304385, None)

epoch 9/30
ex_result
Accuracy:  0.7318886229053798
Confusion Metric: 
 [[2649  219    5  526  107   13   25]
 [ 170 1380   26   62   74    5   16]
 [  15   49  255    1    2    1    0]
 [ 346  100    4 1049   65    3   11]
 [  74   64    1   65  107    1    4]
 [  16    1    1    4    3  177    5]
 [  16    4    1   18    5    0  192]]
Macro Precision/Recall/F-score:  (0.7118175989347456, 0.7150351528082065, 0.71235525389095, None)
Accuracy:  0.7773718029482172
Confusion Metric: 
 [[2892  212    3  298   96   13   30]
 [ 186 1411   26   32   59    5   14]
 [  14   49  256    1    2    1    0]
 [ 335   62    1 1139   36    3    2]
 [  97   63    1   53   97    1    4]
 [  17    1    1    2    1  180    5]
 [  19    4    0   13    5    0  195]]
Macro Precision/Recall/F-score:  (0.745605955588368, 0.7353414229498669, 0.7398627522272817, None)

epoch 10/30
ex_result
Accuracy:  0.7289908025702406
Confusion Metric: 
 [[2686  172    5  521  124    9   27]
 [ 209 1306   27   67  106    6   12]
 [  17   49  253    2    1    1    0]
 [ 353   87    4 1048   74    3    9]
 [  76   47    2   70  118    1    2]
 [  17    1    1    4    2  177    5]
 [  14    2    1   17    4    0  198]]
Macro Precision/Recall/F-score:  (0.7153102489236095, 0.718056274611955, 0.7148187227354545, None)
Accuracy:  0.7774977951367015
Confusion Metric: 
 [[2934  181    3  300   87    9   30]
 [ 221 1361   21   39   73    6   12]
 [  12   52  256    1    1    1    0]
 [ 339   59    0 1128   42    3    7]
 [ 114   46    1   43  109    1    2]
 [  18    1    1    2    1  179    5]
 [  17    3    0   10    2    0  204]]
Macro Precision/Recall/F-score:  (0.7543576289704707, 0.742099683416295, 0.747277013482707, None)

epoch 11/30
ex_result
Accuracy:  0.7362983495023309
Confusion Metric: 
 [[2646  225    5  532   95   10   31]
 [ 179 1397   27   59   52    6   13]
 [  17   46  256    2    1    1    0]
 [ 342   95    5 1065   59    3    9]
 [  74   67    1   71   99    1    3]
 [  14    1    1    3    1  180    7]
 [  13    5    1   16    0    0  201]]
Macro Precision/Recall/F-score:  (0.7171238417309587, 0.7221080615224243, 0.7185003125373883, None)
Accuracy:  0.7820335139221368
Confusion Metric: 
 [[2876  256    3  295   72   10   32]
 [ 163 1466   22   32   33    5   12]
 [  12   51  257    1    1    1    0]
 [ 334   72    0 1133   31    3    5]
 [  89   74    1   55   92    1    4]
 [  14    2    1    2    1  180    7]
 [  16    5    0   12    0    0  203]]
Macro Precision/Recall/F-score:  (0.7570364084359053, 0.741711624939473, 0.7469211522895526, None)

epoch 12/30
ex_result
Accuracy:  0.7413380370417034
Confusion Metric: 
 [[2770  214    4  446   71    9   30]
 [ 199 1374   27   64   52    5   12]
 [  13   48  258    2    1    1    0]
 [ 404   89    5 1010   59    3    8]
 [  78   62    2   71   96    1    6]
 [  15    2    0    4    3  176    7]
 [  12    2    1   17    4    0  200]]
Macro Precision/Recall/F-score:  (0.7219691647639099, 0.716393776429191, 0.7183627030460132, None)
Accuracy:  0.7774977951367015
Confusion Metric: 
 [[2953  212    4  270   63    8   34]
 [ 209 1410   25   27   45    4   13]
 [  11   49  260    1    1    1    0]
 [ 384   73    2 1071   40    3    5]
 [  97   63    2   56   91    1    6]
 [  18    2    0    3    0  177    7]
 [  12    3    1    9    2    0  209]]
Macro Precision/Recall/F-score:  (0.7515077772895025, 0.7370226333531564, 0.74205542079154, None)

epoch 13/30
ex_result
Accuracy:  0.7389441854605014
Confusion Metric: 
 [[2795  201    4  414   92   12   26]
 [ 209 1358   22   69   60    6    9]
 [  13   49  257    2    1    1    0]
 [ 421   94    4  980   70    3    6]
 [  93   63    1   56  100    1    2]
 [  14    1    0    5    3  178    6]
 [  16    3    1   16    3    0  197]]
Macro Precision/Recall/F-score:  (0.7239579093671019, 0.7142969833528917, 0.7186364341668913, None)
Accuracy:  0.7800176389063878
Confusion Metric: 
 [[3100  186    4  144   76   10   24]
 [ 239 1381   21   25   53    6    8]
 [  11   49  259    1    2    1    0]
 [ 497   54    2  968   51    3    3]
 [ 124   59    1   26  103    1    2]
 [  16    1    0    1    2  181    6]
 [  23    3    1    7    3    0  199]]
Macro Precision/Recall/F-score:  (0.7669602196109299, 0.7329228575848443, 0.7467267556396673, None)

epoch 14/30
ex_result
Accuracy:  0.7312586619629583
Confusion Metric: 
 [[2635  200    5  562  103   10   29]
 [ 196 1337   28   86   69    6   11]
 [  15   42  263    2    1    0    0]
 [ 353   74    3 1083   57    2    6]
 [  74   55    1   75  106    1    4]
 [  12    1    1    4    2  182    5]
 [  16    4    1   15    2    0  198]]
Macro Precision/Recall/F-score:  (0.7203181437760755, 0.7241730130418157, 0.7212491535970083, None)
Accuracy:  0.7718281466549074
Confusion Metric: 
 [[2801  191    3  416   90   11   32]
 [ 205 1366   26   61   59    5   11]
 [  14   43  262    2    1    1    0]
 [ 277   49    1 1206   38    2    5]
 [  87   58    1   67   98    1    4]
 [   9    1    1    2    1  188    5]
 [  17    3    1    9    1    0  205]]
Macro Precision/Recall/F-score:  (0.7455049552694151, 0.7487093812922234, 0.7460713898604734, None)

epoch 15/30
ex_result
Accuracy:  0.7302507244550838
Confusion Metric: 
 [[2799  165    6  408  131    7   28]
 [ 221 1296   28   66  105    4   13]
 [  17   42  258    2    4    0    0]
 [ 446   77    5  940   98    4    8]
 [  87   44    0   61  121    1    2]
 [  18    1    0    4    0  179    5]
 [  17    2    1   11    2    0  203]]
Macro Precision/Recall/F-score:  (0.7189976753532906, 0.719984173787877, 0.7171392101809639, None)
Accuracy:  0.7724581075973289
Confusion Metric: 
 [[2961  162    5  267  114    8   27]
 [ 217 1339   28   46   87    4   12]
 [  15   42  262    2    2    0    0]
 [ 397   47    2 1065   59    4    4]
 [ 104   38    1   53  117    1    2]
 [  16    1    0    3    0  182    5]
 [  16    1    1   12    1    0  205]]
Macro Precision/Recall/F-score:  (0.7506141387054903, 0.744617134222491, 0.7464322459211308, None)

epoch 16/30
ex_result
Accuracy:  0.7418420057956406
Confusion Metric: 
 [[2786  190    3  470   61    7   27]
 [ 211 1359   24   79   47    5    8]
 [  16   50  255    2    0    0    0]
 [ 401   86    5 1035   43    2    6]
 [  98   60    1   69   83    1    4]
 [  17    1    0    4    0  180    5]
 [  22    5    1   16    2    0  190]]
Macro Precision/Recall/F-score:  (0.7324853640335913, 0.7075688657129888, 0.7185307056579301, None)
Accuracy:  0.7821595061106211
Confusion Metric: 
 [[3067  169    2  234   39    8   25]
 [ 249 1371   23   51   26    6    7]
 [  16   49  255    2    0    1    0]
 [ 424   54    1 1078   16    2    3]
 [ 140   56    1   55   60    1    3]
 [  16    1    0    2    0  183    5]
 [  27    4    0   10    1    0  194]]
Macro Precision/Recall/F-score:  (0.7702569242257643, 0.7178717409664489, 0.7365901850337517, None)

epoch 17/30
ex_result
Accuracy:  0.7189114274914955
Confusion Metric: 
 [[2448  237    6  716   92   12   33]
 [ 139 1375   30  106   66    7   10]
 [  11   52  256    3    0    1    0]
 [ 264   85    6 1148   62    3   10]
 [  61   67    1   78  103    1    5]
 [  15    1    1    4    2  179    5]
 [  12    3    1   20    2    1  197]]
Macro Precision/Recall/F-score:  (0.7056006232074704, 0.7185241414582916, 0.7089617354789429, None)
Accuracy:  0.7569610684137583
Confusion Metric: 
 [[2590  217    5  601   83   14   34]
 [ 149 1410   22   84   50    8   10]
 [  12   51  258    1    0    1    0]
 [ 224   44    1 1274   27    3    5]
 [  75   55    2   92   86    1    5]
 [  13    1    0    0    2  186    5]
 [  12    3    1   13    2    1  204]]
Macro Precision/Recall/F-score:  (0.7332104969753875, 0.7408075335426824, 0.7332561830633185, None)

epoch 18/30
ex_result
Accuracy:  0.7274788963084289
Confusion Metric: 
 [[2590  196    5  637   74    8   34]
 [ 187 1341   29  103   55    6   12]
 [  15   47  256    2    2    1    0]
 [ 319   81    4 1117   47    2    8]
 [  78   60    1   80   91    1    5]
 [  14    1    0    5    1  181    5]
 [  15    4    1   17    1    0  198]]
Macro Precision/Recall/F-score:  (0.7165043908149471, 0.7151995532432208, 0.7136811871760188, None)
Accuracy:  0.7730880685397505
Confusion Metric: 
 [[2756  202    3  458   80   10   35]
 [ 175 1402   25   64   50    5   12]
 [  13   51  255    2    1    1    0]
 [ 253   51    0 1239   30    2    3]
 [  88   56    2   68   96    1    5]
 [  12    1    0    3    1  185    5]
 [  14    5    1   13    0    0  203]]
Macro Precision/Recall/F-score:  (0.7483725957903501, 0.7455693792600797, 0.7449008635213241, None)

epoch 19/30
ex_result
Accuracy:  0.735164419805972
Confusion Metric: 
 [[2765  233    5  430   76    9   26]
 [ 191 1389   29   70   41    5    8]
 [  14   52  254    2    0    1    0]
 [ 428  109    5  972   55    2    7]
 [  92   76    1   57   83    1    6]
 [  16    1    1    5    1  178    5]
 [  17    8    1   15    1    0  194]]
Macro Precision/Recall/F-score:  (0.7189939136366055, 0.7040907086613233, 0.7105690230507059, None)
Accuracy:  0.7717021544664231
Confusion Metric: 
 [[2778  279    4  385   63   11   24]
 [ 142 1475   24   48   29    5   10]
 [   8   55  256    3    0    1    0]
 [ 310   82    1 1154   24    2    5]
 [  88   84    1   57   80    1    5]
 [  14    1    1    2    1  183    5]
 [  15    7    0   15    0    0  199]]
Macro Precision/Recall/F-score:  (0.7524749444203375, 0.7341861768390594, 0.7396195406174854, None)

epoch 20/30
ex_result
Accuracy:  0.7409600604762505
Confusion Metric: 
 [[2843  202    4  393   73    7   22]
 [ 216 1363   23   71   47    5    8]
 [  16   56  248    2    0    1    0]
 [ 457   95    3  961   54    2    6]
 [  96   58    1   60   97    1    3]
 [  18    1    0    4    4  175    5]
 [  22    5    1   11    3    0  194]]
Macro Precision/Recall/F-score:  (0.7352310390494263, 0.7057007782971736, 0.7193606774715594, None)
Accuracy:  0.7878291545924153
Confusion Metric: 
 [[3027  216    3  232   39    7   20]
 [ 205 1431   20   36   30    5    6]
 [  10   62  249    1    0    1    0]
 [ 402   64    1 1086   20    2    3]
 [ 123   66    2   46   75    1    3]
 [  15    1    0    0    1  185    5]
 [  20    6    1    8    1    0  200]]
Macro Precision/Recall/F-score:  (0.7800528467498589, 0.7310693319773414, 0.7494364769785521, None)

epoch 21/30
ex_result
Accuracy:  0.73277056822477
Confusion Metric: 
 [[2618  228    4  574   84    9   27]
 [ 174 1393   21   78   53    5    9]
 [  13   60  247    2    0    1    0]
 [ 339   99    3 1075   53    2    7]
 [  76   66    0   68  100    1    5]
 [  13    1    0    4    2  182    5]
 [  11    6    1   14    3    0  201]]
Macro Precision/Recall/F-score:  (0.7266168491082062, 0.7194067669302529, 0.721246586930065, None)
Accuracy:  0.77686783419428
Confusion Metric: 
 [[2757  255    5  406   87    8   26]
 [ 136 1462   22   53   46    3   11]
 [   5   61  254    2    0    1    0]
 [ 278   55    1 1205   33    2    4]
 [  78   71    0   60  104    1    2]
 [  13    2    0    2    2  183    5]
 [  13    4    1   15    2    0  201]]
Macro Precision/Recall/F-score:  (0.7579843525439172, 0.7480610959882864, 0.7513923700586862, None)

epoch 22/30
ex_result
Accuracy:  0.7355423963714249
Confusion Metric: 
 [[2712  196    6  521   74   10   25]
 [ 207 1341   25   88   57    5   10]
 [  16   50  254    2    0    1    0]
 [ 373   82    4 1063   46    3    7]
 [  90   56    1   73   91    1    4]
 [  16    1    0    4    2  179    5]
 [  16    4    1   16    1    0  198]]
Macro Precision/Recall/F-score:  (0.7243890673176676, 0.7129638476289245, 0.7176393306714244, None)
Accuracy:  0.7782537482676074
Confusion Metric: 
 [[2954  204    5  279   68   10   24]
 [ 203 1375   24   62   53    7    9]
 [  12   55  254    1    0    1    0]
 [ 377   47    3 1120   26    2    3]
 [ 109   49    1   63   90    1    3]
 [  16    1    0    0    1  186    3]
 [  21    4    1   11    1    0  198]]
Macro Precision/Recall/F-score:  (0.7576923457683585, 0.7350605794963639, 0.745000171466515, None)

epoch 23/30
ex_result
Accuracy:  0.7310066775859897
Confusion Metric: 
 [[2592  225    6  622   64   11   24]
 [ 176 1381   22   93   47    5    9]
 [  18   56  247    2    0    0    0]
 [ 326   87    3 1123   32    2    5]
 [  74   64    0   90   82    1    5]
 [  16    1    0    5    1  179    5]
 [  12    6    1   18    1    0  198]]
Macro Precision/Recall/F-score:  (0.727961755496842, 0.7096911749229555, 0.7155276702048378, None)
Accuracy:  0.7783797404560917
Confusion Metric: 
 [[2765  224    5  463   55    7   25]
 [ 166 1430   20   67   35    6    9]
 [  15   56  251    1    0    0    0]
 [ 243   39    2 1272   17    2    3]
 [  85   60    0   88   77    1    5]
 [  16    1    0    2    1  182    5]
 [  14    4    0   15    2    0  201]]
Macro Precision/Recall/F-score:  (0.7623089125009248, 0.7375881208419532, 0.7449154284730388, None)

epoch 24/30
ex_result
Accuracy:  0.7259669900466171
Confusion Metric: 
 [[2586  200    4  641   74   12   27]
 [ 194 1353   22   96   55    4    9]
 [  16   55  249    2    0    1    0]
 [ 337   87    3 1097   47    2    5]
 [  84   54    0   77   97    1    3]
 [  13    1    0    5    2  181    5]
 [  12    4    1   17    3    0  199]]
Macro Precision/Recall/F-score:  (0.725753055006303, 0.7144387350177208, 0.718018693556842, None)
Accuracy:  0.776111881063374
Confusion Metric: 
 [[2818  217    3  409   64   10   23]
 [ 184 1421   20   61   34    3   10]
 [  15   54  251    2    0    1    0]
 [ 287   60    2 1204   21    2    2]
 [ 101   57    0   76   78    1    3]
 [  12    1    0    4    1  185    4]
 [  14    5    1   13    0    0  203]]
Macro Precision/Recall/F-score:  (0.7613364433114771, 0.7365596796340227, 0.7453403595682314, None)

epoch 25/30
ex_result
Accuracy:  0.7342824744865818
Confusion Metric: 
 [[2655  239    6  524   71   12   37]
 [ 169 1410   24   65   49    6   10]
 [  12   57  251    2    0    1    0]
 [ 372  105    3 1041   47    2    8]
 [  84   69    1   64   92    1    5]
 [  13    1    0    6    2  179    6]
 [  11    6    1   16    2    0  200]]
Macro Precision/Recall/F-score:  (0.7176682312385086, 0.7146983243210921, 0.7144411308861718, None)
Accuracy:  0.7822854982991054
Confusion Metric: 
 [[2850  243    3  349   59   10   30]
 [ 161 1452   22   56   29    4    9]
 [  10   55  256    1    0    1    0]
 [ 310   55    1 1186   19    2    5]
 [  99   67    1   65   78    1    5]
 [  14    1    0    3    2  181    6]
 [  11    5    0   13    1    0  206]]
Macro Precision/Recall/F-score:  (0.760752511927695, 0.7400423404528013, 0.7461772613421085, None)

epoch 26/30
ex_result
Accuracy:  0.7318886229053798
Confusion Metric: 
 [[2606  241    8  569   81   10   29]
 [ 158 1408   30   67   57    5    8]
 [  10   52  259    2    0    0    0]
 [ 351   99    4 1067   50    2    5]
 [  72   73    1   73   93    1    3]
 [  16    1    0    5    1  179    5]
 [  14    3    1   18    3    0  197]]
Macro Precision/Recall/F-score:  (0.7196349418729653, 0.7170864377238721, 0.7171700559492502, None)
Accuracy:  0.776489857628827
Confusion Metric: 
 [[2721  256    9  442   80    9   27]
 [ 134 1457   30   50   50    6    6]
 [   5   50  267    1    0    0    0]
 [ 252   64    1 1231   26    2    2]
 [  71   67    3   69  103    1    2]
 [  15    1    0    3    1  184    3]
 [  10    7    1   16    2    0  200]]
Macro Precision/Recall/F-score:  (0.7556375269922865, 0.7539339702203603, 0.7532360045363917, None)

epoch 27/30
ex_result
Accuracy:  0.7334005291671917
Confusion Metric: 
 [[2640  218    8  566   68   13   31]
 [ 183 1388   27   82   36    6   11]
 [  12   53  255    2    1    0    0]
 [ 375   89    3 1061   41    2    7]
 [  74   62    0   76   96    1    7]
 [  11    1    0    6    2  182    5]
 [  12    4    1   16    4    0  199]]
Macro Precision/Recall/F-score:  (0.7230774272064912, 0.7191332687297153, 0.7192408654251671, None)
Accuracy:  0.7793876779639662
Confusion Metric: 
 [[2831  223    8  372   68   10   32]
 [ 179 1413   27   62   33    6   13]
 [  10   53  258    1    0    1    0]
 [ 304   49    2 1190   26    2    5]
 [  90   58    1   64   95    1    7]
 [   8    1    0    2    1  191    4]
 [  11    3    0   11    3    0  208]]
Macro Precision/Recall/F-score:  (0.7541776689079694, 0.7531055585256041, 0.7512591685730389, None)

epoch 28/30
ex_result
Accuracy:  0.7276048884969132
Confusion Metric: 
 [[2552  221    8  649   71   13   30]
 [ 184 1378   23   81   49    7   11]
 [  12   51  257    2    0    1    0]
 [ 317   81    3 1132   35    2    8]
 [  77   66    1   88   80    1    3]
 [  10    1    0    7    2  181    6]
 [  13    3    1   21    3    0  195]]
Macro Precision/Recall/F-score:  (0.7153301466645653, 0.7117292103433233, 0.7107580952504751, None)
Accuracy:  0.7674184200579564
Confusion Metric: 
 [[2651  243    7  538   72    8   25]
 [ 143 1445   16   70   40    6   13]
 [   7   57  257    1    0    1    0]
 [ 235   45    1 1271   20    2    4]
 [  81   66    1   82   81    1    4]
 [   9    1    0    3    2  186    6]
 [  14    4    0   16    2    0  200]]
Macro Precision/Recall/F-score:  (0.7503374061534502, 0.7407560089601749, 0.7414156415460188, None)

epoch 29/30
ex_result
Accuracy:  0.7289908025702406
Confusion Metric: 
 [[2616  189    7  627   60   11   34]
 [ 197 1367   23   90   38    6   12]
 [  14   54  251    2    0    1    1]
 [ 348   78    3 1110   30    2    7]
 [  96   61    1   89   62    1    6]
 [  11    1    0    6    2  182    5]
 [  13    2    1   20    2    0  198]]
Macro Precision/Recall/F-score:  (0.7131117763992847, 0.7031255708388964, 0.7040977527898418, None)
Accuracy:  0.7722061232203603
Confusion Metric: 
 [[2715  203    6  504   71   10   35]
 [ 160 1415   23   72   42    6   15]
 [  12   50  258    1    0    1    1]
 [ 243   37    2 1266   25    2    3]
 [  91   59    1   83   75    1    6]
 [   6    1    0    2    2  190    6]
 [  11    3    0   10    2    0  210]]
Macro Precision/Recall/F-score:  (0.7418542066091145, 0.7469537643745853, 0.7405567100813066, None)

best_epoch:  26 0.7532360045363917 0.776489857628827


time= 1231
use 343 from author
Loading Data...
len(test_X):  981
len(train_X):  3803
paragraph level BiLSTM label embedding

epoch 0/30
ex_result
Accuracy:  0.7253370291041955
Confusion Metric: 
 [[2572  299   14  453  112   40   54]
 [ 118 1430   41   53   61    9   21]
 [   9   39  269    3    2    1    0]
 [ 346  136    5  993   66   11   21]
 [  66   60    1   69  100    5   15]
 [   8    1    0    1    0  193    4]
 [  10    3    0   14    3    6  200]]
Macro Precision/Recall/F-score:  (0.6633984268400288, 0.7298953851078205, 0.6917125331804759, None)
Accuracy:  0.7407080760992818
Confusion Metric: 
 [[2940  301   14  185   10   40   54]
 [ 187 1430   41   35   10    9   21]
 [  11   39  269    2    1    1    0]
 [ 591  108    5  834    8   11   21]
 [ 183   63    1   36   13    5   15]
 [   9    1    0    0    0  193    4]
 [  16    3    0   11    0    6  200]]
Macro Precision/Recall/F-score:  (0.6751425032180336, 0.6910040365097246, 0.6608583529563846, None)

epoch 1/30
ex_result
Accuracy:  0.7235731384654152
Confusion Metric: 
 [[2466  207   11  732   74   19   35]
 [ 136 1356   35  131   53    6   16]
 [  12   36  268    4    2    1    0]
 [ 250   77    3 1201   34    4    9]
 [  70   52    1  114   72    2    5]
 [   8    1    0    4    0  189    5]
 [  10    4    0   26    3    2  191]]
Macro Precision/Recall/F-score:  (0.6979134685759976, 0.7170438651109717, 0.7027529126198248, None)
Accuracy:  0.76401663096888
Confusion Metric: 
 [[3004  217   11  224   34   19   35]
 [ 209 1396   35   45   26    6   16]
 [  15   37  267    2    1    1    0]
 [ 512   58    1  977   20    4    6]
 [ 155   60    1   50   43    2    5]
 [  10    1    0    2    0  189    5]
 [  22    6    0   16    2    2  188]]
Macro Precision/Recall/F-score:  (0.723931148835427, 0.7063803510492285, 0.7073822722744801, None)

epoch 2/30
ex_result
Accuracy:  0.7107219352400151
Confusion Metric: 
 [[2384  311   14  588  172   36   39]
 [  92 1420   44   64   92    7   14]
 [  11   35  270    3    3    1    0]
 [ 276  117    5 1059  107    8    6]
 [  50   62    2   67  130    2    3]
 [   8    1    0    1    1  190    6]
 [   7    4    0   23   10    4  188]]
Macro Precision/Recall/F-score:  (0.6738298115519742, 0.7321382170201624, 0.6969132803863461, None)
Accuracy:  0.748771576162278
Confusion Metric: 
 [[2912  336   14  151   53   36   42]
 [ 142 1480   40   21   29    7   14]
 [  13   36  270    1    2    1    0]
 [ 567  104    4  849   43    8    3]
 [ 149   79    2   27   54    2    3]
 [   9    1    0    1    0  190    6]
 [  28    4    0   10    2    4  188]]
Macro Precision/Recall/F-score:  (0.7003578678399014, 0.7049982262092264, 0.6945490631550693, None)

epoch 3/30
ex_result
Accuracy:  0.71349376338667
Confusion Metric: 
 [[2430  287   14  584  142   34   53]
 [ 104 1402   39   71   91    7   19]
 [  11   37  268    3    3    1    0]
 [ 283  107    5 1046  110   15   12]
 [  62   60    2   62  122    1    7]
 [   8    1    0    1    1  190    6]
 [   6    3    0   18    4    0  205]]
Macro Precision/Recall/F-score:  (0.6688244574281655, 0.7371211151641808, 0.6968692915038044, None)
Accuracy:  0.759228927806476
Confusion Metric: 
 [[2957  273   14  173   45   27   55]
 [ 168 1441   37   29   33    6   19]
 [  13   38  267    2    2    1    0]
 [ 527   90    2  909   30   10   10]
 [ 141   69    2   40   56    1    7]
 [   9    1    0    1    0  190    6]
 [  16    3    0   10    1    0  206]]
Macro Precision/Recall/F-score:  (0.7083099855239094, 0.7195022801422309, 0.7055482783900426, None)

epoch 4/30
ex_result
Accuracy:  0.7317626307168955
Confusion Metric: 
 [[2580  204    7  556  138   28   31]
 [ 149 1377   32   73   82    7   13]
 [  12   37  266    3    4    1    0]
 [ 308   86    3 1086   79    9    7]
 [  71   53    1   67  119    1    4]
 [  10    1    0    1    1  189    5]
 [  13    3    0   23    5    1  191]]
Macro Precision/Recall/F-score:  (0.7005468531329058, 0.7333224258275848, 0.7143517590951817, None)
Accuracy:  0.7679223888118937
Confusion Metric: 
 [[3134  210    5  118   25   20   32]
 [ 218 1433   27   18   19    7   11]
 [  15   40  264    1    2    1    0]
 [ 642   72    1  834   22    3    4]
 [ 166   71    1   26   48    1    3]
 [  11    1    0    0    0  190    5]
 [  30    4    0    8    1    1  192]]
Macro Precision/Recall/F-score:  (0.7544785920429902, 0.7057697604036574, 0.7154782683608402, None)

epoch 5/30
ex_result
Accuracy:  0.7137457477636386
Confusion Metric: 
 [[2321  240   11  726  157   33   56]
 [ 100 1416   32   70   87    8   20]
 [  10   44  261    3    4    1    0]
 [ 227   94    4 1153   78   11   11]
 [  59   57    1   72  118    1    8]
 [   6    1    0    0    1  192    7]
 [   6    4    0   14    8    0  204]]
Macro Precision/Recall/F-score:  (0.6759252534472122, 0.7394388456173526, 0.7000124099702416, None)
Accuracy:  0.7724581075973289
Confusion Metric: 
 [[2931  259    9  222   42   21   60]
 [ 132 1474   29   36   36    7   19]
 [  11   41  264    3    3    1    0]
 [ 466   58    2 1007   30    6    9]
 [ 124   69    1   58   51    1   12]
 [   7    1    0    0    0  192    7]
 [  13    3    0    6    2    0  212]]
Macro Precision/Recall/F-score:  (0.7155133340889609, 0.7314715034922129, 0.7162044590238436, None)

epoch 6/30
ex_result
Accuracy:  0.7250850447272269
Confusion Metric: 
 [[2413  221    8  707  141   20   34]
 [ 109 1425   26   85   70    7   11]
 [  13   49  253    3    4    1    0]
 [ 228   94    3 1167   72    5    9]
 [  65   56    1   79  111    1    3]
 [   9    1    0    1    1  188    7]
 [   8    4    0   19    6    1  198]]
Macro Precision/Recall/F-score:  (0.7038456161194134, 0.7320613546614352, 0.7133968358371277, None)
Accuracy:  0.7826634748645585
Confusion Metric: 
 [[3022  219    4  207   50   15   27]
 [ 161 1469   23   37   27    7    9]
 [  14   49  253    3    3    1    0]
 [ 451   53    1 1031   37    2    3]
 [ 129   73    1   56   54    1    2]
 [  11    1    0    0    0  188    7]
 [  27    4    0    6    3    1  195]]
Macro Precision/Recall/F-score:  (0.7474767924768427, 0.720340293446842, 0.7294004873053695, None)

epoch 7/30
ex_result
Accuracy:  0.728738818193272
Confusion Metric: 
 [[2506  251   10  572  137   25   43]
 [ 123 1412   30   66   76    8   18]
 [  15   36  266    2    3    1    0]
 [ 277  104    3 1090   89    5   10]
 [  66   60    1   63  119    1    6]
 [   8    1    0    1    1  189    7]
 [   7    4    0   15    7    1  202]]
Macro Precision/Recall/F-score:  (0.693538374798465, 0.7402454049902838, 0.7130116475850796, None)
Accuracy:  0.7786317248330603
Confusion Metric: 
 [[3014  252    4  183   40   14   37]
 [ 169 1457   29   27   31    6   14]
 [  17   37  265    1    2    1    0]
 [ 484   56    0  991   41    1    5]
 [ 131   74    1   41   61    1    7]
 [  12    1    0    0    0  188    6]
 [  22    3    0    4    2    1  204]]
Macro Precision/Recall/F-score:  (0.7453904895115088, 0.7293272802181087, 0.7317131029998009, None)

epoch 8/30
ex_result
Accuracy:  0.7242030994078367
Confusion Metric: 
 [[2402  240   12  718  110   23   39]
 [ 113 1407   31   94   65    7   16]
 [  13   38  266    2    3    1    0]
 [ 225   90    3 1180   65    6    9]
 [  64   59    1   81  105    1    5]
 [  10    1    0    1    0  188    7]
 [   4    4    0   22    4    2  200]]
Macro Precision/Recall/F-score:  (0.6961897682010794, 0.7355588887378328, 0.7114045453850624, None)
Accuracy:  0.7810255764142623
Confusion Metric: 
 [[2965  272    3  218   31   16   39]
 [ 162 1474   21   40   22    4   10]
 [  20   45  255    0    2    1    0]
 [ 432   52    0 1064   22    2    6]
 [ 124   71    1   67   49    1    3]
 [  11    1    0    0    0  188    7]
 [  16    3    0   11    1    1  204]]
Macro Precision/Recall/F-score:  (0.7515642153194174, 0.7255144299016241, 0.7296292686493819, None)

epoch 9/30
ex_result
Accuracy:  0.7362983495023309
Confusion Metric: 
 [[2540  238   11  564  126   25   40]
 [ 132 1419   34   62   64    8   14]
 [  12   39  266    1    4    1    0]
 [ 268  102    4 1108   79    6   11]
 [  65   60    2   61  118    1    9]
 [   9    1    0    2    0  188    7]
 [   4    4    0   19    2    2  205]]
Macro Precision/Recall/F-score:  (0.697108873860486, 0.7444962837688728, 0.7175253170133068, None)
Accuracy:  0.7837974045609172
Confusion Metric: 
 [[3045  252    9  146   41   15   36]
 [ 172 1460   32   22   26    8   13]
 [  13   42  266    0    1    1    0]
 [ 478   73    1  979   32    3   12]
 [ 122   65    4   45   70    1    9]
 [  10    1    0    0    0  189    7]
 [  16    3    0    4    0    1  212]]
Macro Precision/Recall/F-score:  (0.7490211127986495, 0.7397815557290404, 0.7366191744735343, None)

epoch 10/30
ex_result
Accuracy:  0.7205493259417917
Confusion Metric: 
 [[2352  269   12  690  161   27   33]
 [  99 1426   34   87   69    7   11]
 [   9   37  272    1    3    1    0]
 [ 217  103    4 1154   84    5   11]
 [  53   58    1   72  127    1    4]
 [   6    1    0    4    1  189    6]
 [   4    3    1   23    4    2  199]]
Macro Precision/Recall/F-score:  (0.6955857719890616, 0.7454400996534069, 0.7148046774057898, None)
Accuracy:  0.782537482676074
Confusion Metric: 
 [[2944  290    8  213   51   15   23]
 [ 139 1496   31   37   19    5    6]
 [   9   40  271    1    1    1    0]
 [ 427   65    1 1044   35    2    4]
 [ 110   79    1   51   72    1    2]
 [   9    2    0    0    0  190    6]
 [  25    5    1   11    0    0  194]]
Macro Precision/Recall/F-score:  (0.7590643542488683, 0.7374721924865841, 0.7435653876693883, None)

epoch 11/30
ex_result
Accuracy:  0.7236991306538995
Confusion Metric: 
 [[2384  246   12  713  137   18   34]
 [ 107 1410   37   97   61    7   14]
 [   8   36  274    1    3    1    0]
 [ 236   95    3 1171   58    4   11]
 [  59   55    1   78  117    1    5]
 [   9    1    0    4    0  187    6]
 [   5    2    0   22    3    3  201]]
Macro Precision/Recall/F-score:  (0.7012958321498698, 0.7431442500196714, 0.7177814887948256, None)
Accuracy:  0.7848053420687917
Confusion Metric: 
 [[3025  248    5  186   37   13   30]
 [ 166 1464   28   35   23    6   11]
 [  11   44  265    1    1    1    0]
 [ 467   62    0 1015   28    2    4]
 [ 123   69    1   51   66    1    5]
 [  13    1    0    0    0  188    5]
 [  19    1    0    9    0    1  206]]
Macro Precision/Recall/F-score:  (0.7624004934087163, 0.735991503410029, 0.7420416875784692, None)

epoch 12/30
ex_result
Accuracy:  0.7288648103817563
Confusion Metric: 
 [[2432  274   12  664   96   30   36]
 [ 116 1445   43   63   42    8   16]
 [  11   31  276    1    3    1    0]
 [ 255  109    4 1140   51    7   12]
 [  64   67    1   78  100    1    5]
 [   7    1    0    3    0  190    6]
 [   3    4    1   20    2    4  202]]
Macro Precision/Recall/F-score:  (0.6923067240365083, 0.7410327661764093, 0.7125346049467526, None)
Accuracy:  0.7848053420687917
Confusion Metric: 
 [[2974  306   11  176   41   11   25]
 [ 133 1506   38   26   13    6   11]
 [  12   36  274    0    0    1    0]
 [ 451   72    2 1021   26    2    4]
 [ 117   85    1   48   61    1    3]
 [   9    1    0    0    0  191    6]
 [  16    5    1   11    0    1  202]]
Macro Precision/Recall/F-score:  (0.7597882070351508, 0.7393103299003573, 0.7410480757832617, None)

epoch 13/30
ex_result
Accuracy:  0.7344084666750661
Confusion Metric: 
 [[2462  234    8  680  109   22   29]
 [ 130 1417   38   77   52    8   11]
 [  10   34  274    1    3    1    0]
 [ 233  101    3 1169   56    6   10]
 [  63   50    2   76  121    1    3]
 [   9    1    0    4    0  187    6]
 [   7    3    0   19    5    3  199]]
Macro Precision/Recall/F-score:  (0.7108965194111965, 0.7472820346074441, 0.7258622657884019, None)
Accuracy:  0.7950107093360211
Confusion Metric: 
 [[3013  251    4  201   45    8   22]
 [ 161 1492   29   28   14    4    5]
 [  11   42  267    1    1    1    0]
 [ 420   56    0 1065   29    1    7]
 [ 117   71    2   44   79    1    2]
 [  11    1    0    0    0  189    6]
 [  20    3    0    6    1    1  205]]
Macro Precision/Recall/F-score:  (0.7824034172101958, 0.7491888530569729, 0.7598272448864611, None)

epoch 14/30
ex_result
Accuracy:  0.7322665994708328
Confusion Metric: 
 [[2494  270   10  610  104   28   28]
 [ 136 1444   32   59   41    8   13]
 [  10   41  266    1    4    1    0]
 [ 268  113    3 1115   60    8   11]
 [  67   78    1   62  103    2    3]
 [   7    1    0    2    0  191    6]
 [   6    3    0   20    3    5  199]]
Macro Precision/Recall/F-score:  (0.7003859466075156, 0.7369938312634222, 0.7157539150018376, None)
Accuracy:  0.7882071311578682
Confusion Metric: 
 [[3115  244    3  119   40    8   15]
 [ 188 1478   18   17   18    3   11]
 [  13   62  246    1    0    1    0]
 [ 526   64    0  950   32    1    5]
 [ 123   82    0   31   76    1    3]
 [   9    1    0    0    0  191    6]
 [  27    4    0    5    0    0  200]]
Macro Precision/Recall/F-score:  (0.7903640419295339, 0.7294448168404174, 0.7502594188405132, None)

epoch 15/30
ex_result
Accuracy:  0.7340304901096132
Confusion Metric: 
 [[2505  212    7  663   91   31   35]
 [ 151 1416   29   74   41    8   14]
 [  13   43  262    1    3    1    0]
 [ 256   95    3 1143   60    8   13]
 [  61   61    1   74  114    1    4]
 [   7    1    0    2    0  191    6]
 [   6    4    1   22    2    6  195]]
Macro Precision/Recall/F-score:  (0.7033963448384207, 0.7384463936982536, 0.7174403153326813, None)
Accuracy:  0.7926168577548192
Confusion Metric: 
 [[3065  233    5  173   25   13   30]
 [ 185 1468   33   21    8    5   13]
 [  11   45  264    1    1    1    0]
 [ 443   57    0 1046   23    2    7]
 [ 125   84    2   42   57    1    5]
 [  10    1    0    0    0  190    6]
 [  20    4    1    8    0    2  201]]
Macro Precision/Recall/F-score:  (0.7715671681082231, 0.7345826956216842, 0.740410000089212, None)

epoch 16/30
ex_result
Accuracy:  0.7219352400151191
Confusion Metric: 
 [[2346  275   11  722  132   29   29]
 [ 116 1440   34   69   53    8   13]
 [  11   39  267    1    4    1    0]
 [ 214  102    3 1157   84    6   12]
 [  55   59    1   63  133    1    4]
 [   8    1    0    2    0  190    6]
 [  10    3    1   17    6    2  197]]
Macro Precision/Recall/F-score:  (0.6988035435572792, 0.746604445692202, 0.7174921675190801, None)
Accuracy:  0.7848053420687917
Confusion Metric: 
 [[2966  294    4  180   65   10   25]
 [ 157 1493   23   27   19    3   11]
 [  11   52  257    1    1    1    0]
 [ 439   62    0 1034   35    2    6]
 [ 106   76    2   42   85    1    4]
 [  10    1    0    0    0  190    6]
 [  21    3    0    6    1    1  204]]
Macro Precision/Recall/F-score:  (0.7680329097313185, 0.7429447504587736, 0.7510583749312459, None)

epoch 17/30
ex_result
Accuracy:  0.7109739196169838
Confusion Metric: 
 [[2260  217    7  905  106   26   23]
 [ 126 1393   31  109   53    8   13]
 [   8   43  267    3    1    1    0]
 [ 191   90    3 1228   49    6   11]
 [  56   47    1   96  111    1    4]
 [   6    1    0    4    0  190    6]
 [   4    3    1   26    2    6  194]]
Macro Precision/Recall/F-score:  (0.7034498676195878, 0.7339293856192242, 0.7119525916892192, None)
Accuracy:  0.7919868968123976
Confusion Metric: 
 [[3005  216    4  234   59    7   19]
 [ 179 1454   24   34   27    4   11]
 [  11   49  261    1    0    1    0]
 [ 403   50    0 1095   22    2    6]
 [ 110   66    1   55   79    2    3]
 [  11    1    0    0    0  189    6]
 [  21    2    0    9    0    1  203]]
Macro Precision/Recall/F-score:  (0.7742634178153149, 0.7445854743607282, 0.7553912873841625, None)

epoch 18/30
ex_result
Accuracy:  0.7170215446642308
Confusion Metric: 
 [[2299  255    9  843   70   31   37]
 [ 126 1446   23   74   42    8   14]
 [   9   51  259    3    0    1    0]
 [ 206  104    3 1200   47    6   12]
 [  61   57    0   94   96    2    6]
 [   5    1    0    4    0  191    6]
 [   3    4    1   21    2    5  200]]
Macro Precision/Recall/F-score:  (0.7000118690772357, 0.731338218438791, 0.7084652275729125, None)
Accuracy:  0.7902230061736172
Confusion Metric: 
 [[2938  264    4  262   41   10   25]
 [ 164 1491   19   27   16    4   12]
 [  11   55  255    1    0    1    0]
 [ 362   63    0 1122   22    3    6]
 [ 105   76    0   62   69    1    3]
 [   9    1    0    0    0  192    5]
 [  20    3    1    7    0    0  205]]
Macro Precision/Recall/F-score:  (0.7751487953955627, 0.7434856519082081, 0.7515195882401146, None)

epoch 19/30
ex_result
Accuracy:  0.7274788963084289
Confusion Metric: 
 [[2412  257   11  721   87   32   24]
 [ 133 1431   32   81   36    9   11]
 [  10   40  271    1    0    1    0]
 [ 231  101    3 1175   48    9   11]
 [  61   68    2   80   99    3    3]
 [   6    1    0    2    0  194    4]
 [   6    4    1   22    3    8  192]]
Macro Precision/Recall/F-score:  (0.7016252971756632, 0.7362848396310072, 0.7140364489370404, None)
Accuracy:  0.7924908655663349
Confusion Metric: 
 [[3031  259    5  169   50   11   19]
 [ 178 1478   26   24   15    4    8]
 [   8   47  266    1    0    1    0]
 [ 438   57    0 1053   25    2    3]
 [ 107   76    2   47   81    1    2]
 [  14    1    0    1    0  189    2]
 [  26    2    1   11    2    2  192]]
Macro Precision/Recall/F-score:  (0.7825306650371017, 0.7402666188188852, 0.7553584687822765, None)

epoch 20/30
ex_result
Accuracy:  0.7269749275544917
Confusion Metric: 
 [[2473  229   10  702   76   32   22]
 [ 162 1415   27   71   37    9   12]
 [  10   47  263    1    1    1    0]
 [ 263  103    3 1128   60    8   13]
 [  76   61    2   71  100    2    4]
 [   5    1    0    3    0  194    4]
 [   7    4    1   20    1    6  197]]
Macro Precision/Recall/F-score:  (0.7037168071403238, 0.7331103115294958, 0.71464110153493, None)
Accuracy:  0.7895930452311957
Confusion Metric: 
 [[3098  244    4  142   32    7   17]
 [ 201 1479   16   16   10    3    8]
 [   9   60  251    1    1    1    0]
 [ 486   80    0  984   21    1    6]
 [ 126   72    1   50   63    1    3]
 [  13    1    0    0    0  191    2]
 [  24    4    0    5    0    2  201]]
Macro Precision/Recall/F-score:  (0.794399896379104, 0.7288597281541505, 0.7490355384550931, None)

epoch 21/30
ex_result
Accuracy:  0.7302507244550838
Confusion Metric: 
 [[2488  254    9  666   82   23   22]
 [ 150 1443   27   62   33    8   10]
 [  11   46  262    1    2    1    0]
 [ 268  104    3 1128   61    5    9]
 [  74   69    2   74   91    1    5]
 [   8    1    0    2    0  190    6]
 [   6    5    1   20    4    6  194]]
Macro Precision/Recall/F-score:  (0.7074379927767637, 0.7269355879736091, 0.7142439526220726, None)
Accuracy:  0.7907269749275545
Confusion Metric: 
 [[3104  214    5  150   46   10   15]
 [ 211 1451   27   14   21    1    8]
 [  15   44  262    0    1    1    0]
 [ 492   69    0  983   30    1    3]
 [ 118   65    2   44   83    1    3]
 [   9    1    0    0    0  192    5]
 [  21    4    1    6    2    1  201]]
Macro Precision/Recall/F-score:  (0.7866884330745716, 0.7412997453119655, 0.7577019679585513, None)

epoch 22/30
ex_result
Accuracy:  0.7288648103817563
Confusion Metric: 
 [[2421  278    9  678   94   41   23]
 [ 122 1456   28   71   38    9    9]
 [  10   41  268    1    2    1    0]
 [ 237  112    3 1148   58    8   12]
 [  62   75    2   70  102    1    4]
 [   5    1    0    1    0  196    4]
 [   5    5    1   20    4    7  194]]
Macro Precision/Recall/F-score:  (0.7001152936649326, 0.7388844461397194, 0.7147202361726489, None)
Accuracy:  0.7951367015245054
Confusion Metric: 
 [[2972  251    5  233   63    8   12]
 [ 166 1485   25   28   21    2    6]
 [  12   44  264    1    1    1    0]
 [ 375   54    1 1114   31    1    2]
 [ 101   73    2   48   88    1    3]
 [  10    1    0    0    0  193    3]
 [  24    5    0    9    1    2  195]]
Macro Precision/Recall/F-score:  (0.78486776131737, 0.7508442465629445, 0.7646541393248312, None)

epoch 23/30
ex_result
Accuracy:  0.7168955524757465
Confusion Metric: 
 [[2297  261   10  838   94   25   19]
 [ 110 1453   24   86   42    8   10]
 [  10   47  262    1    2    1    0]
 [ 213   99    3 1190   57    6   10]
 [  59   68    2   80  102    1    4]
 [   5    1    0    2    1  192    6]
 [   4    4    1   23    3    7  194]]
Macro Precision/Recall/F-score:  (0.7062661081210279, 0.7320268220308145, 0.7133472300255118, None)
Accuracy:  0.7924908655663349
Confusion Metric: 
 [[3042  243    7  169   58   10   15]
 [ 162 1488   21   28   26    2    6]
 [   8   56  257    0    1    1    0]
 [ 468   48    0 1031   29    1    1]
 [ 104   70    2   46   90    1    3]
 [  10    2    0    0    1  189    5]
 [  21    5    1   13    1    2  193]]
Macro Precision/Recall/F-score:  (0.7841300203001317, 0.7402361907151086, 0.7578869612686535, None)

epoch 24/30
ex_result
Accuracy:  0.7231951618999622
Confusion Metric: 
 [[2392  250   10  760   86   26   20]
 [ 139 1426   31   78   38    7   14]
 [   9   41  268    1    3    1    0]
 [ 235   97    3 1169   56    6   12]
 [  68   65    2   81   95    1    4]
 [   5    1    0    3    1  191    6]
 [   5    3    1   20    4    4  199]]
Macro Precision/Recall/F-score:  (0.7036312222164894, 0.7335550278209524, 0.7143407909967034, None)
Accuracy:  0.7918609046239133
Confusion Metric: 
 [[3023  233    5  196   59    7   21]
 [ 187 1453   26   30   23    2   12]
 [  12   47  261    0    2    1    0]
 [ 413   59    0 1071   29    1    5]
 [ 111   66    1   48   84    1    5]
 [  11    2    0    0    0  189    5]
 [  19    4    0    8    1    0  204]]
Macro Precision/Recall/F-score:  (0.776644724061445, 0.7459216058175048, 0.7573496226832518, None)

epoch 25/30
ex_result
Accuracy:  0.714249716517576
Confusion Metric: 
 [[2305  273    9  828   80   31   18]
 [ 127 1447   23   82   33    8   13]
 [  11   48  260    1    2    1    0]
 [ 209  109    3 1179   58    8   12]
 [  67   76    1   79   87    2    4]
 [   5    1    0    2    0  193    6]
 [   5    3    1   20    2    7  198]]
Macro Precision/Recall/F-score:  (0.6986379695716026, 0.7263045432335121, 0.7060479915489059, None)
Accuracy:  0.794128764016631
Confusion Metric: 
 [[3020  263    6  186   47    9   13]
 [ 171 1487   25   24   15    3    8]
 [  11   45  265    1    0    1    0]
 [ 414   65    1 1060   32    1    5]
 [ 113   79    1   40   78    1    4]
 [   9    1    0    0    0  193    4]
 [  20    3    1    8    2    2  200]]
Macro Precision/Recall/F-score:  (0.782983057456148, 0.747003446579977, 0.7593106262828473, None)

epoch 26/30
ex_result
Accuracy:  0.7099659821091092
Confusion Metric: 
 [[2254  253   10  878   97   26   26]
 [ 128 1415   30   99   39    9   13]
 [  11   45  264    1    1    1    0]
 [ 197   89    2 1217   52    8   13]
 [  56   66    1   92   96    1    4]
 [   5    1    0    3    0  192    6]
 [   5    4    1   21    4    4  197]]
Macro Precision/Recall/F-score:  (0.6967642835912212, 0.7295934309885498, 0.7064275105613012, None)
Accuracy:  0.7885851077233211
Confusion Metric: 
 [[2878  228    8  343   56    7   24]
 [ 165 1448   30   52   22    5   11]
 [   7   53  260    1    1    1    0]
 [ 316   37    0 1198   20    1    6]
 [ 106   67    1   58   80    1    3]
 [   9    1    0    1    0  192    4]
 [  14    3    2   11    1    2  203]]
Macro Precision/Recall/F-score:  (0.7667589653395019, 0.7503763905703631, 0.7543786726234785, None)

epoch 27/30
ex_result
Accuracy:  0.7238251228423838
Confusion Metric: 
 [[2459  260   14  676   89   28   18]
 [ 149 1436   35   54   39    7   13]
 [  11   41  266    1    3    1    0]
 [ 277  124    3 1098   54    9   13]
 [  68   76    2   70   95    1    4]
 [   5    1    0    3    0  192    6]
 [   5    5    1   20    3    3  199]]
Macro Precision/Recall/F-score:  (0.6978238592141415, 0.7304580045165653, 0.711081367665354, None)
Accuracy:  0.7874511780269623
Confusion Metric: 
 [[3048  242    9  150   71    7   17]
 [ 175 1461   36   15   31    2   13]
 [   6   42  272    1    1    1    0]
 [ 487   66    2  973   45    0    5]
 [ 109   71    2   30  100    1    3]
 [  11    1    0    0    0  192    3]
 [  17    4    2    7    1    1  204]]
Macro Precision/Recall/F-score:  (0.7728912711649898, 0.7528855932429327, 0.7595051081491043, None)

epoch 28/30
ex_result
Accuracy:  0.709084036789719
Confusion Metric: 
 [[2239  288   10  890   68   27   22]
 [ 121 1459   25   79   26    9   14]
 [  12   49  256    4    1    1    0]
 [ 191  113    3 1201   50    7   13]
 [  61   83    1   81   85    1    4]
 [   5    1    0    3    0  193    5]
 [   7    7    1   20    3    3  195]]
Macro Precision/Recall/F-score:  (0.7010517817282127, 0.7221357150623874, 0.7035921909301489, None)
Accuracy:  0.7894670530427114
Confusion Metric: 
 [[3078  225    5  174   40    7   15]
 [ 198 1469   18   21   14    4    9]
 [  16   57  248    1    0    1    0]
 [ 474   58    0 1008   31    1    6]
 [ 114   75    1   43   78    1    4]
 [  18    1    0    0    0  184    4]
 [  22    5    0    6    1    1  201]]
Macro Precision/Recall/F-score:  (0.788560542040367, 0.7300253635513537, 0.7513054352387314, None)

epoch 29/30
ex_result
Accuracy:  0.7097139977321406
Confusion Metric: 
 [[2236  277    8  921   60   24   18]
 [ 128 1466   21   71   28    8   11]
 [  12   53  252    4    1    1    0]
 [ 187  117    3 1212   41    6   12]
 [  56   81    1   96   77    1    4]
 [   5    1    0    3    0  193    5]
 [   7    5    1   22    2    2  197]]
Macro Precision/Recall/F-score:  (0.7102356242503898, 0.7194125444922096, 0.7057171960471221, None)
Accuracy:  0.7865692327075722
Confusion Metric: 
 [[2974  271    5  227   43    5   19]
 [ 173 1495   14   24   16    2    9]
 [  15   59  247    1    0    1    0]
 [ 417   66    0 1065   23    1    6]
 [  98   84    0   54   75    1    4]
 [  18    1    0    0    0  184    4]
 [  20    6    0    7    0    0  203]]
Macro Precision/Recall/F-score:  (0.787284234771373, 0.7325488086751314, 0.7517750230927432, None)

best_epoch:  22 0.7646541393248312 0.7951367015245054


time= 1232
use 343 from author
Loading Data...
len(test_X):  981
len(train_X):  3803
paragraph level BiLSTM label embedding

epoch 0/30
ex_result
Accuracy:  0.7431019276804838
Confusion Metric: 
 [[2786  253    8  331  114   14   38]
 [ 133 1417   26   68   65    5   19]
 [  13   58  244    3    3    2    0]
 [ 427  103    3  987   41    3   14]
 [  84   59    1   68   94    3    7]
 [  26    2    0    2    0  171    6]
 [  14    5    0   12    5    1  199]]
Macro Precision/Recall/F-score:  (0.705353795679141, 0.7073490735756751, 0.7045127776694192, None)
Accuracy:  0.7598588887488976
Confusion Metric: 
 [[2981  258    8  171   73   14   39]
 [ 195 1424   26   35   30    5   18]
 [  15   58  244    1    3    2    0]
 [ 523   66    3  950   25    3    8]
 [ 141   61    1   41   62    3    7]
 [  27    2    0    1    0  171    6]
 [  18    5    0    9    4    1  199]]
Macro Precision/Recall/F-score:  (0.7240474030010297, 0.6979703003070014, 0.7055700870459927, None)

epoch 1/30
ex_result
Accuracy:  0.7344084666750661
Confusion Metric: 
 [[2655  185    7  495  141   17   44]
 [ 146 1339   23  104   98    6   17]
 [  12   58  243    5    3    2    0]
 [ 333   68    3 1109   48    3   14]
 [  67   54    1   81  104    2    7]
 [  16    1    0    2    1  181    6]
 [  10    3    0   19    5    1  198]]
Macro Precision/Recall/F-score:  (0.6997160230804855, 0.7170579309137615, 0.7054122390135021, None)
Accuracy:  0.7654025450422074
Confusion Metric: 
 [[2939  201    7  244   90   17   46]
 [ 196 1395   23   45   52    6   16]
 [  14   58  243    3    3    2    0]
 [ 429   49    2 1053   35    3    7]
 [ 121   63    1   48   74    2    7]
 [  17    1    0    1    1  181    6]
 [  13    5    0   22    5    1  190]]
Macro Precision/Recall/F-score:  (0.7194843196630007, 0.7096474128156521, 0.7125567457952219, None)

epoch 2/30
ex_result
Accuracy:  0.7364243416908152
Confusion Metric: 
 [[2662  218   11  436  160   21   36]
 [ 126 1373   34   89   87    7   17]
 [   9   44  265    2    2    1    0]
 [ 348   85    3 1041   84    4   13]
 [  65   56    1   60  119    2   13]
 [  13    2    0    0    0  186    6]
 [   7    4    0   16    7    3  199]]
Macro Precision/Recall/F-score:  (0.6945875087876717, 0.7345541440133126, 0.711566806444158, None)
Accuracy:  0.7691823106967368
Confusion Metric: 
 [[2891  224   11  269   93   21   35]
 [ 166 1419   34   45   49    7   13]
 [  10   44  265    1    2    1    0]
 [ 381   60    1 1076   48    4    8]
 [ 109   61    1   53   77    2   13]
 [  14    1    0    0    0  186    6]
 [  14    5    0   16    7    3  191]]
Macro Precision/Recall/F-score:  (0.7146282617648573, 0.7269155863067008, 0.7197675724494709, None)

epoch 3/30
ex_result
Accuracy:  0.7378102557641426
Confusion Metric: 
 [[2630  218    9  518  123   14   32]
 [ 129 1386   28   96   80    5    9]
 [  14   49  252    4    3    1    0]
 [ 311   89    3 1112   49    3   11]
 [  65   59    1   77  104    2    8]
 [  19    1    0    2    0  178    7]
 [  12    5    0   20    4    1  194]]
Macro Precision/Recall/F-score:  (0.7092081943321806, 0.7196849931497337, 0.7127822599169491, None)
Accuracy:  0.7724581075973289
Confusion Metric: 
 [[2979  198    7  221   91   14   34]
 [ 185 1417   27   38   50    5   11]
 [  18   48  251    2    3    1    0]
 [ 442   55    1 1030   40    3    7]
 [ 112   65    1   45   83    2    8]
 [  21    1    0    0    0  178    7]
 [  19    4    0   15    4    1  193]]
Macro Precision/Recall/F-score:  (0.7342183051002175, 0.7183436905429886, 0.7246116649252187, None)

epoch 4/30
ex_result
Accuracy:  0.7252110369157112
Confusion Metric: 
 [[2460  211   13  703  106   19   32]
 [ 133 1360   32  111   75    6   16]
 [  11   43  262    3    3    1    0]
 [ 245   70    4 1206   37    3   13]
 [  61   66    1   97   83    2    6]
 [  14    1    0    3    0  182    7]
 [   6    3    0   21    2    1  203]]
Macro Precision/Recall/F-score:  (0.6959665314717264, 0.7223365807431839, 0.7051643891330465, None)
Accuracy:  0.7733400529167191
Confusion Metric: 
 [[2861  232    9  309   79   19   35]
 [ 163 1426   29   44   50    6   15]
 [  12   44  262    1    3    1    0]
 [ 341   55    3 1142   26    3    8]
 [ 104   75    1   67   62    2    5]
 [  16    1    0    2    0  183    5]
 [  13    3    0   15    2    1  202]]
Macro Precision/Recall/F-score:  (0.7221436145390855, 0.7287385088533831, 0.723634773635942, None)

epoch 5/30
ex_result
Accuracy:  0.7412120448532191
Confusion Metric: 
 [[2753  175    8  450  115   17   26]
 [ 199 1320   30   89   78    7   10]
 [  16   37  263    2    4    1    0]
 [ 379   71    3 1061   51    3   10]
 [  79   54    1   69  109    1    3]
 [  12    1    0    2    0  185    7]
 [  14    4    0   20    3    3  192]]
Macro Precision/Recall/F-score:  (0.7157473795148428, 0.7253311744188385, 0.7199230474778682, None)
Accuracy:  0.7786317248330603
Confusion Metric: 
 [[3007  205    6  216   66   17   27]
 [ 209 1421   26   33   30    7    7]
 [  18   40  262    0    2    1    0]
 [ 428   58    2 1058   26    3    3]
 [ 114   73    1   54   70    1    3]
 [  14    1    0    0    0  187    5]
 [  22    4    0   28    4    3  175]]
Macro Precision/Recall/F-score:  (0.746302592164801, 0.7166403126256802, 0.7282450781659697, None)

epoch 6/30
ex_result
Accuracy:  0.7437318886229054
Confusion Metric: 
 [[2791  191    5  422   89   15   31]
 [ 171 1349   27   90   76    7   13]
 [  16   45  252    2    7    1    0]
 [ 403   76    3 1046   35    3   12]
 [  79   61    1   78   90    1    6]
 [  17    1    0    2    0  181    6]
 [  14    4    0   21    1    2  194]]
Macro Precision/Recall/F-score:  (0.7128178633555603, 0.7128910639122582, 0.7120524642469495, None)
Accuracy:  0.7790097013985133
Confusion Metric: 
 [[3049  197    5  193   55   15   30]
 [ 198 1417   25   31   45    7   10]
 [  19   45  252    0    6    1    0]
 [ 449   61    2 1030   28    3    5]
 [ 111   72    1   55   73    1    3]
 [  17    1    0    2    0  181    6]
 [  19    6    0   26    2    2  181]]
Macro Precision/Recall/F-score:  (0.7447341321597125, 0.7118933183444559, 0.7251685504348675, None)

epoch 7/30
ex_result
Accuracy:  0.7279828650623661
Confusion Metric: 
 [[2539  204   14  627  125   15   20]
 [ 164 1376   37   80   64    6    6]
 [  10   32  272    4    4    1    0]
 [ 321   82    2 1108   54    3    8]
 [  63   61    1   83  102    2    4]
 [   8    1    0    6    0  186    6]
 [   9    5    0   21    4    2  195]]
Macro Precision/Recall/F-score:  (0.7107769510926633, 0.7288982254714155, 0.7182744478196258, None)
Accuracy:  0.773718029482172
Confusion Metric: 
 [[2853  218   12  322   93   19   27]
 [ 190 1426   37   26   39    7    8]
 [   9   33  274    3    3    1    0]
 [ 341   69    2 1121   34    3    8]
 [  94   74    1   63   77    2    5]
 [   9    1    0    1    0  190    6]
 [  13    2    0   18    2    1  200]]
Macro Precision/Recall/F-score:  (0.7295768073858284, 0.7422237352722908, 0.7349073973900557, None)

epoch 8/30
ex_result
Accuracy:  0.7357943807483937
Confusion Metric: 
 [[2642  230    6  519  109   13   25]
 [ 148 1383   33   81   70    8   10]
 [  14   39  260    4    5    1    0]
 [ 356   95    2 1068   43    2   12]
 [  69   64    1   70  107    1    4]
 [  15    1    0    5    0  180    6]
 [   8    7    0   16    3    2  200]]
Macro Precision/Recall/F-score:  (0.7149609261816516, 0.7258447850041578, 0.7194577730864554, None)
Accuracy:  0.7811515686027466
Confusion Metric: 
 [[2975  255    5  203   62   13   31]
 [ 186 1451   27   24   31    8    6]
 [  15   44  259    3    1    1    0]
 [ 416   83    1 1048   23    2    5]
 [ 102   83    1   47   78    1    4]
 [  16    1    0    0    0  184    6]
 [  14    4    0    9    2    2  205]]
Macro Precision/Recall/F-score:  (0.7556309363544751, 0.7352973070267249, 0.7413805601781641, None)

epoch 9/30
ex_result
Accuracy:  0.7310066775859897
Confusion Metric: 
 [[2647  203    7  557   93   16   21]
 [ 182 1351   30   93   62    8    7]
 [  15   44  255    5    3    1    0]
 [ 369   80    2 1077   38    2   10]
 [  77   54    1   78  101    1    4]
 [  15    1    0    5    0  180    6]
 [  12    5    0   21    5    2  191]]
Macro Precision/Recall/F-score:  (0.7167273892715135, 0.7138514073861464, 0.7143732213113593, None)
Accuracy:  0.7824114904875897
Confusion Metric: 
 [[3019  233    7  204   37   19   25]
 [ 216 1434   26   26   18    8    5]
 [  15   47  257    3    0    1    0]
 [ 421   73    1 1058   17    2    6]
 [ 119   73    1   55   65    1    2]
 [  15    1    0    0    0  186    5]
 [  19    6    0   16    2    2  191]]
Macro Precision/Recall/F-score:  (0.7639543817648891, 0.7227189524005035, 0.7347680400646261, None)

epoch 10/30
ex_result
Accuracy:  0.7350384276174877
Confusion Metric: 
 [[2639  233    5  540   91   14   22]
 [ 148 1417   30   64   60    6    8]
 [  15   48  252    4    3    1    0]
 [ 364   99    1 1061   37    2   14]
 [  71   67    2   77   94    1    4]
 [  12    1    0    7    0  181    6]
 [  13    5    0   21    5    2  190]]
Macro Precision/Recall/F-score:  (0.7158626316637673, 0.7131144500935698, 0.7133705215651986, None)
Accuracy:  0.782537482676074
Confusion Metric: 
 [[2952  249    4  253   47   11   28]
 [ 177 1469   25   20   30    6    6]
 [  17   47  253    3    2    1    0]
 [ 365   96    0 1091   20    1    5]
 [ 114   77    1   51   68    1    4]
 [  14    1    0    3    0  183    6]
 [  17    4    0   16    3    1  195]]
Macro Precision/Recall/F-score:  (0.7589914081620546, 0.7258289118443176, 0.7372547000342602, None)

epoch 11/30
ex_result
Accuracy:  0.7342824744865818
Confusion Metric: 
 [[2652  220    6  522  112   15   17]
 [ 173 1364   31   82   69    7    7]
 [  14   47  254    4    3    1    0]
 [ 355   78    2 1082   48    3   10]
 [  76   59    1   74  102    1    3]
 [  12    1    0    4    0  185    5]
 [  21    6    0   15    2    3  189]]
Macro Precision/Recall/F-score:  (0.7177662135172369, 0.7178270417343653, 0.7169391675566216, None)
Accuracy:  0.7841753811263702
Confusion Metric: 
 [[2996  246    5  205   55   14   23]
 [ 195 1449   27   27   22    7    6]
 [  13   51  256    2    0    1    0]
 [ 414   63    1 1065   24    3    8]
 [ 118   71    1   44   79    1    2]
 [  16    1    0    0    0  185    5]
 [  23    4    0   12    2    1  194]]
Macro Precision/Recall/F-score:  (0.7647018033923239, 0.7306747284558613, 0.7428615575358616, None)

epoch 12/30
ex_result
Accuracy:  0.7371802948217211
Confusion Metric: 
 [[2800  175    6  419  105   18   21]
 [ 209 1324   34   75   72    7   12]
 [  16   41  257    3    5    1    0]
 [ 436   80    3  996   49    3   11]
 [  99   50    1   66   95    1    4]
 [  16    1    0    2    0  183    5]
 [  19    2    0   14    2    3  196]]
Macro Precision/Recall/F-score:  (0.7114941068800704, 0.7137292135091684, 0.7122712938449188, None)
Accuracy:  0.7870732014615094
Confusion Metric: 
 [[3086  178    5  182   48   11   34]
 [ 239 1387   30   29   31    6   11]
 [  17   41  260    1    3    1    0]
 [ 442   48    3 1052   20    1   12]
 [ 132   58    1   41   76    1    7]
 [  22    1    0    1    0  178    5]
 [  18    2    0    6    1    1  208]]
Macro Precision/Recall/F-score:  (0.761453946518319, 0.7320713692545249, 0.7409046308182653, None)

epoch 13/30
ex_result
Accuracy:  0.7404560917223132
Confusion Metric: 
 [[2693  209    7  509   91   16   19]
 [ 167 1400   28   75   47    8    8]
 [  14   48  256    3    2    0    0]
 [ 383   81    3 1060   35    3   13]
 [  80   55    1   78   97    1    4]
 [  11    2    0    4    0  185    5]
 [  19    4    0   21    3    3  186]]
Macro Precision/Recall/F-score:  (0.721748704049711, 0.717263852773497, 0.7186225807936995, None)
Accuracy:  0.7841753811263702
Confusion Metric: 
 [[2966  232    5  246   56   14   25]
 [ 179 1465   25   24   27    8    5]
 [  14   48  258    1    2    0    0]
 [ 388   74    2 1075   26    3   10]
 [ 112   70    1   49   81    1    2]
 [  16    1    0    1    0  184    5]
 [  24    3    0   10    2    2  195]]
Macro Precision/Recall/F-score:  (0.7597365606357634, 0.7333936004126903, 0.7428255899997678, None)

epoch 14/30
ex_result
Accuracy:  0.735164419805972
Confusion Metric: 
 [[2708  182    9  494  108   13   30]
 [ 190 1321   32   98   73    8   11]
 [  12   45  257    3    5    1    0]
 [ 392   67    3 1067   35    3   11]
 [  84   47    1   76  102    1    5]
 [  15    2    0    2    0  183    5]
 [  12    4    1   16    3    3  197]]
Macro Precision/Recall/F-score:  (0.7111325467539835, 0.7199709820310692, 0.7148157183563766, None)
Accuracy:  0.7858132795766662
Confusion Metric: 
 [[3060  193   10  185   49   10   37]
 [ 223 1396   31   25   43    7    8]
 [  11   45  261    1    4    1    0]
 [ 433   54    3 1049   25    3   11]
 [ 129   53    1   43   82    1    7]
 [  18    1    0    0    0  182    6]
 [  17    3    1    6    1    1  207]]
Macro Precision/Recall/F-score:  (0.7539619782710953, 0.7368035868219369, 0.7412349851717867, None)

epoch 15/30
ex_result
Accuracy:  0.7385662088950485
Confusion Metric: 
 [[2711  232    6  462  104   12   17]
 [ 172 1390   28   74   55    7    7]
 [  18   49  248    4    3    1    0]
 [ 395   83    2 1045   43    2    8]
 [  82   66    1   66   99    1    1]
 [  13    1    0    2    0  186    5]
 [  17    5    0   26    2    3  183]]
Macro Precision/Recall/F-score:  (0.7254599810885846, 0.7120471854069186, 0.7179362048923912, None)
Accuracy:  0.7850573264457603
Confusion Metric: 
 [[3029  240    3  177   61   10   24]
 [ 192 1448   25   23   32    6    7]
 [  16   51  252    2    1    1    0]
 [ 436   65    3 1037   28    1    8]
 [ 118   73    1   39   83    1    1]
 [  16    1    0    0    0  185    5]
 [  20    4    0   13    1    1  197]]
Macro Precision/Recall/F-score:  (0.7672649011276768, 0.7312428270237562, 0.7452175238412283, None)

epoch 16/30
ex_result
Accuracy:  0.7390701776489857
Confusion Metric: 
 [[2778  195    8  416  113   12   22]
 [ 202 1348   28   70   66    7   12]
 [  17   53  246    2    4    1    0]
 [ 434   81    1  997   54    3    8]
 [  84   51    1   59  116    1    4]
 [  12    1    0    2    0  187    5]
 [  15    6    0   16    3    2  194]]
Macro Precision/Recall/F-score:  (0.7230490052153004, 0.7210897734481488, 0.721345313448878, None)
Accuracy:  0.7824114904875897
Confusion Metric: 
 [[3073  211    8  133   83   12   24]
 [ 208 1427   24   17   42    6    9]
 [  16   56  248    1    1    1    0]
 [ 486   75    0  973   36    2    6]
 [ 110   67    1   33  101    1    3]
 [  10    1    0    0    0  190    6]
 [  22    3    0    8    4    1  198]]
Macro Precision/Recall/F-score:  (0.764486115267878, 0.7359156797241982, 0.7464418626271836, None)

epoch 17/30
ex_result
Accuracy:  0.7325185838478014
Confusion Metric: 
 [[2701  191    7  531   84   12   18]
 [ 199 1346   30   87   56    5   10]
 [  15   48  251    4    4    1    0]
 [ 395   73    2 1059   38    2    9]
 [  88   57    1   78   88    1    3]
 [  14    1    0    5    1  181    5]
 [  15    6    0   23    1    3  188]]
Macro Precision/Recall/F-score:  (0.7197545165768354, 0.7052143956742913, 0.7115373811455834, None)
Accuracy:  0.7829154592415271
Confusion Metric: 
 [[3035  195    8  201   68   11   26]
 [ 213 1405   31   21   47    6   10]
 [  12   45  261    3    1    1    0]
 [ 430   63    2 1041   33    2    7]
 [ 121   65    1   39   86    1    3]
 [  15    1    0    0    0  185    6]
 [  19    3    0   10    2    1  201]]
Macro Precision/Recall/F-score:  (0.7548673917051508, 0.7360602546074814, 0.743204517669995, None)

epoch 18/30
ex_result
Accuracy:  0.7409600604762505
Confusion Metric: 
 [[2760  210    8  460   73   10   23]
 [ 195 1368   31   75   47    7   10]
 [  19   42  257    3    1    1    0]
 [ 411   80    2 1040   32    2   11]
 [  95   66    1   67   82    1    4]
 [  14    1    0    5    0  181    6]
 [  14    5    0   20    1    3  193]]
Macro Precision/Recall/F-score:  (0.7218327653748522, 0.7106539666959676, 0.7150043608051161, None)
Accuracy:  0.7848053420687917
Confusion Metric: 
 [[3069  210    6  191   34    8   26]
 [ 237 1413   28   19   19    7   10]
 [  18   42  259    3    0    1    0]
 [ 443   70    2 1040   16    1    6]
 [ 134   70    1   43   63    1    4]
 [  17    1    0    0    0  183    6]
 [  21    4    0    8    0    1  202]]
Macro Precision/Recall/F-score:  (0.7729756667012068, 0.7259423874721473, 0.7395783333439441, None)

epoch 19/30
ex_result
Accuracy:  0.7350384276174877
Confusion Metric: 
 [[2702  221   10  493   86   15   17]
 [ 173 1376   31   77   58    8   10]
 [  13   47  255    3    4    1    0]
 [ 410   80    2 1030   42    5    9]
 [  90   56    1   70   94    1    4]
 [   9    2    0    4    2  185    5]
 [  13    7    0   18    2    4  192]]
Macro Precision/Recall/F-score:  (0.7147566993834344, 0.7147657616530648, 0.7142072584792224, None)
Accuracy:  0.7848053420687917
Confusion Metric: 
 [[3026  232    7  193   49   14   23]
 [ 197 1446   24   19   35    6    6]
 [  14   51  254    2    1    1    0]
 [ 450   61    1 1030   28    3    5]
 [ 120   63    1   44   83    1    4]
 [  12    1    0    0    0  189    5]
 [  18    5    0    9    1    2  201]]
Macro Precision/Recall/F-score:  (0.7665317910297258, 0.7363897142173813, 0.7470111402665268, None)

epoch 20/30
ex_result
Accuracy:  0.7357943807483937
Confusion Metric: 
 [[2712  204   10  491   93   14   20]
 [ 193 1374   32   69   49    6   10]
 [  17   41  259    4    1    1    0]
 [ 417   78    5 1020   43    4   11]
 [  93   65    1   59   95    1    2]
 [  10    1    0    3    1  186    6]
 [  14    4    0   18    3    3  194]]
Macro Precision/Recall/F-score:  (0.7165348365594006, 0.7182206786188613, 0.7170200947016777, None)
Accuracy:  0.7835454201839486
Confusion Metric: 
 [[3064  214    5  161   63   12   25]
 [ 212 1444   20   17   26    6    8]
 [  16   55  248    3    0    1    0]
 [ 484   68    2  982   33    3    6]
 [ 116   74    0   32   91    1    2]
 [  10    1    0    0    0  190    6]
 [  20    3    0    8    3    2  200]]
Macro Precision/Recall/F-score:  (0.7701200533510908, 0.7344588945932422, 0.7473121782465982, None)

epoch 21/30
ex_result
Accuracy:  0.7322665994708328
Confusion Metric: 
 [[2685  207    9  494  114   16   19]
 [ 184 1344   31   80   79    6    9]
 [  19   47  250    4    2    1    0]
 [ 385   82    4 1050   46    2    9]
 [  84   57    1   61  109    2    2]
 [  12    1    0    3    3  182    6]
 [  17    6    0   16    2    3  192]]
Macro Precision/Recall/F-score:  (0.7144977694923212, 0.7157526283253804, 0.7145101431049853, None)
Accuracy:  0.7806475998488094
Confusion Metric: 
 [[3042  215    8  184   64    8   23]
 [ 208 1413   30   25   44    4    9]
 [  13   49  257    2    1    1    0]
 [ 458   55    2 1020   34    1    8]
 [ 123   63    1   41   85    1    2]
 [  19    1    0    2    0  179    6]
 [  22    4    0    7    2    1  200]]
Macro Precision/Recall/F-score:  (0.7600923094339785, 0.7281334265498575, 0.7412031220678893, None)

epoch 22/30
ex_result
Accuracy:  0.7414640292301877
Confusion Metric: 
 [[2813  195    7  411   82   16   20]
 [ 208 1350   29   78   50    8   10]
 [  17   46  255    4    0    1    0]
 [ 446   76    4  997   39    5   11]
 [  95   69    1   61   85    2    3]
 [   9    2    0    2    0  189    5]
 [  17    3    0   14    3    3  196]]
Macro Precision/Recall/F-score:  (0.7179129972380024, 0.7152224645735951, 0.7156783177893994, None)
Accuracy:  0.7855612951996976
Confusion Metric: 
 [[3086  214    6  162   40   13   23]
 [ 220 1420   28   20   27    7   11]
 [  14   46  259    1    2    1    0]
 [ 475   59    3 1003   27    2    9]
 [ 133   69    1   38   70    2    3]
 [   8    2    0    0    0  191    6]
 [  18    3    0    6    2    1  206]]
Macro Precision/Recall/F-score:  (0.7637870452966694, 0.734961968978076, 0.7425906133028805, None)

epoch 23/30
ex_result
Accuracy:  0.7404560917223132
Confusion Metric: 
 [[2795  220    7  412   71   16   23]
 [ 202 1386   28   73   28    5   11]
 [  15   53  251    3    0    1    0]
 [ 444   91    4  991   31    3   14]
 [  98   70    2   68   73    2    3]
 [   9    2    0    5    0  185    6]
 [  17    6    0   12    1    4  196]]
Macro Precision/Recall/F-score:  (0.7173115538515219, 0.7069667047891378, 0.7096118337837505, None)
Accuracy:  0.7883331233463525
Confusion Metric: 
 [[3110  210    5  159   27    9   24]
 [ 239 1420   26   17   17    6    8]
 [  16   50  255    1    0    1    0]
 [ 460   67    2 1023   17    2    7]
 [ 140   70    2   42   59    1    2]
 [  14    1    0    0    0  186    6]
 [  20    3    0    7    0    2  204]]
Macro Precision/Recall/F-score:  (0.7798311044808443, 0.726336695707292, 0.7409128250602891, None)

epoch 24/30
ex_result
Accuracy:  0.7386922010835328
Confusion Metric: 
 [[2721  217   11  463   96   19   17]
 [ 178 1382   32   75   50    8    8]
 [  16   43  259    3    1    1    0]
 [ 413   73    5 1030   47    4    6]
 [  84   69    1   67   91    2    2]
 [   8    2    0    2    0  190    5]
 [  19    7    0   12    3    5  190]]
Macro Precision/Recall/F-score:  (0.7150556095550964, 0.7186791361142736, 0.7162502900998154, None)
Accuracy:  0.7868212170845408
Confusion Metric: 
 [[2980  244    8  231   51   11   19]
 [ 180 1464   28   24   23    5    9]
 [  14   44  261    3    0    1    0]
 [ 406   60    2 1074   29    2    5]
 [ 114   77    2   46   74    1    2]
 [   9    1    0    0    0  193    4]
 [  20    3    0   10    1    3  199]]
Macro Precision/Recall/F-score:  (0.76572478790125, 0.740579747751023, 0.7485972188918442, None)

epoch 25/30
ex_result
Accuracy:  0.7394481542144387
Confusion Metric: 
 [[2835  176    7  399   95   15   17]
 [ 225 1317   32   81   60    8   10]
 [  19   45  253    5    0    1    0]
 [ 461   72    3  995   35    3    9]
 [  97   51    1   69   92    2    4]
 [  12    1    0    3    1  184    6]
 [  19    4    0   12    3    5  193]]
Macro Precision/Recall/F-score:  (0.718226051080327, 0.7102212672630751, 0.7137267582204048, None)
Accuracy:  0.7820335139221368
Confusion Metric: 
 [[3081  183    8  186   59    9   18]
 [ 258 1366   33   30   32    5    9]
 [  16   45  258    3    0    1    0]
 [ 459   47    2 1043   20    2    5]
 [ 126   61    1   49   75    1    3]
 [  18    1    0    1    0  182    5]
 [  23    3    0    5    1    2  202]]
Macro Precision/Recall/F-score:  (0.7653794215673806, 0.7271158639752023, 0.7418306658330469, None)

epoch 26/30
ex_result
Accuracy:  0.73919616983747
Confusion Metric: 
 [[2782  210    8  431   84   14   15]
 [ 211 1351   32   81   44    6    8]
 [  16   47  253    6    0    1    0]
 [ 429   79    4 1024   31    2    9]
 [  91   65    1   74   82    1    2]
 [  13    1    0    2    1  185    5]
 [  20    5    0   13    4    4  190]]
Macro Precision/Recall/F-score:  (0.7225585777711406, 0.7078663360326688, 0.714283147697989, None)
Accuracy:  0.7864432405190879
Confusion Metric: 
 [[3054  214    6  174   68    9   19]
 [ 203 1423   31   30   34    3    9]
 [  16   40  263    3    0    1    0]
 [ 454   48    3 1031   32    2    8]
 [ 117   68    1   40   87    1    2]
 [  16    1    0    0    0  184    6]
 [  25    2    0    4    3    2  200]]
Macro Precision/Recall/F-score:  (0.7666737813265281, 0.7374458192398793, 0.7491213767975552, None)

epoch 27/30
ex_result
Accuracy:  0.739952122968376
Confusion Metric: 
 [[2742  200    9  484   77   17   15]
 [ 206 1356   37   78   39    8    9]
 [  18   40  258    6    0    1    0]
 [ 388   78    3 1062   37    3    7]
 [  95   65    1   72   78    1    4]
 [  11    1    0    3    1  185    6]
 [  17    3    0   16    3    5  192]]
Macro Precision/Recall/F-score:  (0.7168833769360287, 0.711720025808299, 0.7130384257095769, None)
Accuracy:  0.7890890764772585
Confusion Metric: 
 [[3045  211    6  196   59   11   16]
 [ 208 1428   33   25   25    7    7]
 [  14   44  262    2    0    1    0]
 [ 418   60    2 1062   30    2    4]
 [ 122   70    1   35   83    1    4]
 [  16    1    0    1    0  183    6]
 [  23    2    0    7    2    2  200]]
Macro Precision/Recall/F-score:  (0.7692344909622442, 0.7373609144241536, 0.7496430888769468, None)

epoch 28/30
ex_result
Accuracy:  0.7354164041829406
Confusion Metric: 
 [[2681  198    8  549   78   17   13]
 [ 221 1348   30   77   42    8    7]
 [  16   46  255    5    0    1    0]
 [ 362   79    2 1092   34    3    6]
 [  97   60    1   73   83    1    1]
 [  11    1    0    2    0  188    5]
 [  17    6    0   14    4    5  190]]
Macro Precision/Recall/F-score:  (0.7243449531060681, 0.7131108802844874, 0.7169483719402507, None)
Accuracy:  0.7826634748645585
Confusion Metric: 
 [[2905  215    7  331   60    9   17]
 [ 207 1409   31   37   34    8    7]
 [  13   42  264    3    0    1    0]
 [ 327   49    2 1165   28    2    5]
 [ 113   63    1   59   78    1    1]
 [  11    1    0    0    0  189    6]
 [  20    2    0    8    3    1  202]]
Macro Precision/Recall/F-score:  (0.7600024662093711, 0.7434515877303801, 0.7494434189607416, None)

epoch 29/30
ex_result
Accuracy:  0.7371802948217211
Confusion Metric: 
 [[2763  184   12  464   90   16   15]
 [ 214 1339   32   81   51    7    9]
 [  16   47  254    4    1    1    0]
 [ 424   77    4 1034   28    3    8]
 [  96   58    1   75   81    1    4]
 [  12    1    0    4    2  183    5]
 [  16    3    0   13    4    3  197]]
Macro Precision/Recall/F-score:  (0.7167758306233566, 0.7098637864227021, 0.7126458520982123, None)
Accuracy:  0.7831674436184957
Confusion Metric: 
 [[3046  229   15  165   53   11   25]
 [ 197 1448   34   20   23    4    7]
 [  10   44  265    3    0    1    0]
 [ 481   66    3  995   21    2   10]
 [ 121   75    2   43   69    1    5]
 [  16    1    0    0    0  184    6]
 [  19    2    1    4    1    0  209]]
Macro Precision/Recall/F-score:  (0.7591137903431252, 0.734120154230944, 0.7399933007382752, None)

best_epoch:  27 0.7496430888769468 0.7890890764772585


valid f1:  0.7558444109127231 [0.7532360045363917, 0.7646541393248312, 0.7496430888769468]
valid acc: 0.7869052118768636 [0.776489857628827, 0.7951367015245054, 0.7890890764772585]
