['/home/lizhuoqun/SE_type_code', '/home/lizhuoqun/anconda/envs/py38/lib/python38.zip', '/home/lizhuoqun/anconda/envs/py38/lib/python3.8', '/home/lizhuoqun/anconda/envs/py38/lib/python3.8/lib-dynload', '/home/lizhuoqun/anconda/envs/py38/lib/python3.8/site-packages', '/home/lizhuoqun/SE_type_code/data', '/home/lizhuoqun/SE_type_code/tools', '/home/lizhuoqun/SE_type_code/models', '/home/lizhuoqun/SE_type_code/pre_train']
sentence level BiLSTM
Namespace(BATCH_SIZE=128, DROPOUT=0.5, EPOCHs=30, EX_LOSS=0, FREEZE=0, IF_USE_EX_INITIAL_1=1, IF_USE_EX_INITIAL_2=0, LEARN_RATE=0.001)


time= 1230
use 343 from author
Loading Data...
len(test_X):  981
len(train_X):  3803
paragraph level BiLSTM label embedding 3 class

epoch 0/30
ex_result
Accuracy:  0.1848305405064886
Confusion Metric: 
 [[1114 2354   76    0    0    0    0]
 [1372  340   21    0    0    0    0]
 [ 299   11   13    0    0    0    0]
 [  74 1495    9    0    0    0    0]
 [  72  232   12    0    0    0    0]
 [   4   14  189    0    0    0    0]
 [  10   34  192    0    0    0    0]]
Macro Precision/Recall/F-score:  (0.06850739048802883, 0.07868190558575712, 0.06913370591496451, None)
Accuracy:  0.5809499811011717
Confusion Metric: 
 [[1835   86   29 1548    0   14   32]
 [ 585  816   96  216    0    4   16]
 [  64   34  204    9    0    1   11]
 [ 144   15    0 1410    0    2    7]
 [ 105   18    2  184    0    1    6]
 [  10    0    1    8    0  169   19]
 [  14    2    3   40    0    0  177]]
Macro Precision/Recall/F-score:  (0.58186476457283, 0.5828823563204952, 0.5603537438937684, None)

epoch 1/30
ex_result
Accuracy:  0.2237621267481416
Confusion Metric: 
 [[1553 1931   60    0    0    0    0]
 [1498  216   19    0    0    0    0]
 [ 311    5    7    0    0    0    0]
 [ 145 1422   11    0    0    0    0]
 [ 103  201   12    0    0    0    0]
 [   5   12  190    0    0    0    0]
 [  12   32  192    0    0    0    0]]
Macro Precision/Recall/F-score:  (0.07128478358199689, 0.0835023711363543, 0.07544889566577143, None)
Accuracy:  0.7312586619629583
Confusion Metric: 
 [[2983  123    4  400    0   12   22]
 [ 527 1097   28   69    0    4    8]
 [  39   37  245    1    0    1    0]
 [ 422   22    0 1126    0    2    6]
 [ 159   47    1  104    0    1    4]
 [  14    0    1    3    0  181    8]
 [  33    3    0   27    0    1  172]]
Macro Precision/Recall/F-score:  (0.6780632293360622, 0.649999390429327, 0.6604888419123432, None)

epoch 2/30
ex_result
Accuracy:  0.22691193146024946
Confusion Metric: 
 [[1552 1907   85    0    0    0    0]
 [1468  242   23    0    0    0    0]
 [ 312    4    7    0    0    0    0]
 [ 128 1435   15    0    0    0    0]
 [ 103  200   13    0    0    0    0]
 [   5    9  193    0    0    0    0]
 [   9   32  195    0    0    0    0]]
Macro Precision/Recall/F-score:  (0.07289538526916606, 0.08560533086883082, 0.0770437622359014, None)
Accuracy:  0.7514174121204485
Confusion Metric: 
 [[2964  171    3  360    3   12   31]
 [ 377 1254   31   56    3    4    8]
 [  27   39  255    1    0    1    0]
 [ 412   36    0 1121    0    2    7]
 [ 152   65    1   93    0    2    3]
 [  14    0    1    2    0  181    9]
 [  28    2    0   17    0    0  189]]
Macro Precision/Recall/F-score:  (0.6804296666141066, 0.6764362838680664, 0.6773383502992824, None)

epoch 3/30
ex_result
Accuracy:  0.2111629078997102
Confusion Metric: 
 [[1406 2021  117    0    0    0    0]
 [1441  263   29    0    0    0    0]
 [ 311    5    7    0    0    0    0]
 [ 106 1456   16    0    0    0    0]
 [  87  214   15    0    0    0    0]
 [   4    9  194    0    0    0    0]
 [   8   31  197    0    0    0    0]]
Macro Precision/Recall/F-score:  (0.0708599215284398, 0.08145123468073522, 0.07349699080735905, None)
Accuracy:  0.7461257402041074
Confusion Metric: 
 [[2611  228    3  652    3   13   34]
 [ 213 1371   23  105    6    4   11]
 [  19   45  255    3    0    1    0]
 [ 232   38    0 1298    0    2    8]
 [ 101   67    1  131   10    1    5]
 [  10    0    1    2    0  190    4]
 [  18    2    0   28    0    1  187]]
Macro Precision/Recall/F-score:  (0.7510649244599144, 0.6973969369716261, 0.6891319851796134, None)

epoch 4/30
ex_result
Accuracy:  0.2453067909789593
Confusion Metric: 
 [[1743 1705   96    0    0    0    0]
 [1505  200   28    0    0    0    0]
 [ 315    4    4    0    0    0    0]
 [ 149 1417   12    0    0    0    0]
 [ 113  187   16    0    0    0    0]
 [   6    7  194    0    0    0    0]
 [  10   31  195    0    0    0    0]]
Macro Precision/Recall/F-score:  (0.07392138404774344, 0.08851540938381876, 0.07956496166491078, None)
Accuracy:  0.769686279450674
Confusion Metric: 
 [[2766  237    1  488   12   11   29]
 [ 195 1424   21   72    5    4   12]
 [  25   41  254    1    1    1    0]
 [ 248   42    0 1277    1    2    8]
 [ 108   78    1  114    8    1    6]
 [   9    0    1    1    0  192    4]
 [  20    2    0   25    0    1  188]]
Macro Precision/Recall/F-score:  (0.7319415352925908, 0.7067519006817083, 0.7008197530284999, None)

epoch 5/30
ex_result
Accuracy:  0.24845659569106715
Confusion Metric: 
 [[1704 1756   84    0    0    0    0]
 [1445  263   25    0    0    0    0]
 [ 312    6    5    0    0    0    0]
 [ 141 1429    8    0    0    0    0]
 [ 101  199   16    0    0    0    0]
 [   6    8  193    0    0    0    0]
 [   9   35  192    0    0    0    0]]
Macro Precision/Recall/F-score:  (0.0770041654218424, 0.0925789244402555, 0.08257137497637249, None)
Accuracy:  0.761622779387678
Confusion Metric: 
 [[2714  161    6  613   15    9   26]
 [ 232 1330   25  110   25    4    7]
 [  16   36  267    1    2    1    0]
 [ 191   28    0 1349    5    2    3]
 [ 107   62    1  124   15    1    6]
 [  11    0    1    1    0  189    5]
 [  21    1    0   32    0    1  181]]
Macro Precision/Recall/F-score:  (0.7271709517321313, 0.7060318001310234, 0.7037223895701634, None)

epoch 6/30
ex_result
Accuracy:  0.22414010331359455
Confusion Metric: 
 [[1476 1987   81    0    0    0    0]
 [1412  295   26    0    0    0    0]
 [ 310    5    8    0    0    0    0]
 [ 113 1457    8    0    0    0    0]
 [  84  216   16    0    0    0    0]
 [   4   13  190    0    0    0    0]
 [   9   33  194    0    0    0    0]]
Macro Precision/Recall/F-score:  (0.07457635705015328, 0.08735305720569699, 0.07804912903485063, None)
Accuracy:  0.7631346856494897
Confusion Metric: 
 [[2733  147    3  611   11    8   31]
 [ 230 1347   15  115   12    4   10]
 [  20   47  253    1    1    1    0]
 [ 203   24    0 1341    3    2    5]
 [ 107   63    1  127   12    1    5]
 [  12    1    0    4    0  184    6]
 [  17    1    0   31    0    0  187]]
Macro Precision/Recall/F-score:  (0.7392365198708654, 0.700107922901454, 0.7004061823733048, None)

epoch 7/30
ex_result
Accuracy:  0.2441728612826005
Confusion Metric: 
 [[1653 1796   95    0    0    0    0]
 [1433  274   26    0    0    0    0]
 [ 306    6   11    0    0    0    0]
 [ 145 1425    8    0    0    0    0]
 [  83  211   22    0    0    0    0]
 [   5    8  194    0    0    0    0]
 [   8   30  198    0    0    0    0]]
Macro Precision/Recall/F-score:  (0.07827401907362556, 0.09408359682610194, 0.08366699341236043, None)
Accuracy:  0.7657805216076603
Confusion Metric: 
 [[2743  153    4  561   34   11   38]
 [ 228 1331   24   99   36    4   11]
 [  16   41  260    2    3    1    0]
 [ 217   20    0 1319   16    2    4]
 [ 105   54    1  108   37    1   10]
 [   8    1    0    1    0  191    6]
 [  18    1    0   20    0    0  197]]
Macro Precision/Recall/F-score:  (0.7317703897257816, 0.722482563545616, 0.718464930186743, None)

epoch 8/30
ex_result
Accuracy:  0.24291293939775735
Confusion Metric: 
 [[1696 1739  109    0    0    0    0]
 [1483  219   31    0    0    0    0]
 [ 306    4   13    0    0    0    0]
 [ 165 1397   16    0    0    0    0]
 [  96  197   23    0    0    0    0]
 [   6    8  193    0    0    0    0]
 [   7   22  207    0    0    0    0]]
Macro Precision/Recall/F-score:  (0.07631630227920604, 0.09216763408798254, 0.0821754662544294, None)
Accuracy:  0.7762378732518583
Confusion Metric: 
 [[2870  143    5  461   23    8   34]
 [ 255 1327   36   78   23    4   10]
 [  14   37  269    1    1    1    0]
 [ 266   20    0 1274   11    2    5]
 [ 111   63    1   98   36    1    6]
 [  14    1    0    2    0  185    5]
 [  21    1    0   13    1    0  200]]
Macro Precision/Recall/F-score:  (0.7480607082267449, 0.724401927158319, 0.7244649558053645, None)

epoch 9/30
ex_result
Accuracy:  0.23837722061232203
Confusion Metric: 
 [[1625 1823   96    0    0    0    0]
 [1453  253   27    0    0    0    0]
 [ 303    6   14    0    0    0    0]
 [ 146 1424    8    0    0    0    0]
 [  83  212   21    0    0    0    0]
 [   5    9  193    0    0    0    0]
 [   7   27  202    0    0    0    0]]
Macro Precision/Recall/F-score:  (0.0772853388414146, 0.09255067304760334, 0.08248896269626961, None)
Accuracy:  0.7666624669270505
Confusion Metric: 
 [[2665  192    2  610   40    8   27]
 [ 180 1395   21  100   25    4    8]
 [  11   47  260    1    3    1    0]
 [ 186   30    0 1347   13    1    1]
 [  95   58    1  118   39    1    4]
 [  14    1    0    3    0  185    4]
 [  16    1    0   25    0    0  194]]
Macro Precision/Recall/F-score:  (0.748919376468715, 0.7220964023352222, 0.7252608091265592, None)

epoch 10/30
ex_result
Accuracy:  0.2514804082146907
Confusion Metric: 
 [[1773 1682   89    0    0    0    0]
 [1497  208   28    0    0    0    0]
 [ 304    4   15    0    0    0    0]
 [ 177 1389   12    0    0    0    0]
 [  87  213   16    0    0    0    0]
 [   6    7  194    0    0    0    0]
 [   7   24  205    0    0    0    0]]
Macro Precision/Recall/F-score:  (0.07802959422821766, 0.09524926812680885, 0.0846591774996912, None)
Accuracy:  0.7807735920372937
Confusion Metric: 
 [[2778  203    2  502   23    8   28]
 [ 197 1433   18   51   21    4    9]
 [  16   52  252    1    1    1    0]
 [ 226   39    0 1292   15    1    5]
 [  97   70    1   94   48    1    5]
 [  11    1    0    0    0  190    5]
 [  15    3    0   14    0    0  204]]
Macro Precision/Recall/F-score:  (0.7685484306303675, 0.7348390602215826, 0.7390451227643584, None)

epoch 11/30
ex_result
Accuracy:  0.24744865818319264
Confusion Metric: 
 [[1700 1722  122    0    0    0    0]
 [1461  243   29    0    0    0    0]
 [ 296    6   21    0    0    0    0]
 [ 155 1413   10    0    0    0    0]
 [  77  222   17    0    0    0    0]
 [   6    7  194    0    0    0    0]
 [   6   26  204    0    0    0    0]]
Macro Precision/Recall/F-score:  (0.08018396873588825, 0.09784553224646117, 0.08648720541234288, None)
Accuracy:  0.7843013733148545
Confusion Metric: 
 [[2749  235    3  469   43   10   35]
 [ 144 1471   23   60   20    4   11]
 [   7   48  264    1    2    1    0]
 [ 234   39    0 1286   16    2    1]
 [  84   73    1   93   59    1    5]
 [   8    1    0    1    0  191    6]
 [  14    1    0   15    1    0  205]]
Macro Precision/Recall/F-score:  (0.7604259230617174, 0.747835089289634, 0.7456732092318752, None)

epoch 12/30
ex_result
Accuracy:  0.2262819705178279
Confusion Metric: 
 [[1482 1974   88    0    0    0    0]
 [1410  295   28    0    0    0    0]
 [ 294   10   19    0    0    0    0]
 [ 126 1445    7    0    0    0    0]
 [  71  225   20    0    0    0    0]
 [   5   12  190    0    0    0    0]
 [   7   33  196    0    0    0    0]]
Macro Precision/Recall/F-score:  (0.07786523206790309, 0.09246001860734213, 0.08197138269133794, None)
Accuracy:  0.7791356935869976
Confusion Metric: 
 [[2794  240    2  468    8   12   20]
 [ 160 1468   12   80    2    3    8]
 [  10   57  252    1    2    1    0]
 [ 252   45    0 1278    1    2    0]
 [  96   83    1  118   15    1    2]
 [  12    1    0    2    0  188    4]
 [  20    1    0   25    0    1  189]]
Macro Precision/Recall/F-score:  (0.7841691170521362, 0.7117229654889289, 0.7159324813437514, None)

epoch 13/30
ex_result
Accuracy:  0.26105581453949855
Confusion Metric: 
 [[1862 1594   88    0    0    0    0]
 [1510  196   27    0    0    0    0]
 [ 303    6   14    0    0    0    0]
 [ 194 1374   10    0    0    0    0]
 [  93  207   16    0    0    0    0]
 [   6    6  195    0    0    0    0]
 [   9   27  200    0    0    0    0]]
Macro Precision/Recall/F-score:  (0.07873209370301522, 0.09740533713321652, 0.08620576248182533, None)
Accuracy:  0.7922388811893663
Confusion Metric: 
 [[2973  233    4  268   34   10   22]
 [ 171 1487   22   21   21    3    8]
 [   8   47  264    1    2    1    0]
 [ 382   62    0 1105   27    2    0]
 [ 117   76    1   51   69    1    1]
 [  11    1    0    1    0  191    3]
 [  23    2    0   11    1    0  199]]
Macro Precision/Recall/F-score:  (0.7816624013385153, 0.7426861819336266, 0.7557011909580584, None)

epoch 14/30
ex_result
Accuracy:  0.254000251984377
Confusion Metric: 
 [[1768 1672  104    0    0    0    0]
 [1469  234   30    0    0    0    0]
 [ 302    7   14    0    0    0    0]
 [ 163 1405   10    0    0    0    0]
 [  86  210   20    0    0    0    0]
 [   6    7  194    0    0    0    0]
 [   8   24  204    0    0    0    0]]
Macro Precision/Recall/F-score:  (0.07929611039461924, 0.09674870737303455, 0.08584735519802486, None)
Accuracy:  0.772080131031876
Confusion Metric: 
 [[2608  265    5  573   56   10   27]
 [ 127 1460   24   79   32    3    8]
 [   8   43  267    1    3    1    0]
 [ 181   38    1 1332   23    2    1]
 [  77   69    1   96   69    1    3]
 [   9    1    0    2    0  189    6]
 [  16    3    0   13    1    0  203]]
Macro Precision/Recall/F-score:  (0.7544809066926453, 0.7486658006584912, 0.7453462811293621, None)

epoch 15/30
ex_result
Accuracy:  0.2444248456595691
Confusion Metric: 
 [[1711 1740   93    0    0    0    0]
 [1501  201   31    0    0    0    0]
 [ 288    7   28    0    0    0    0]
 [ 175 1392   11    0    0    0    0]
 [  82  213   21    0    0    0    0]
 [   5    7  195    0    0    0    0]
 [   5   26  205    0    0    0    0]]
Macro Precision/Recall/F-score:  (0.07974344405435188, 0.09792270856171928, 0.08648313535003704, None)
Accuracy:  0.7743479904245937
Confusion Metric: 
 [[2633  236    2  600   29   11   33]
 [ 151 1485   14   57   14    2   10]
 [  12   58  248    2    2    1    0]
 [ 179   42    0 1344    9    2    2]
 [  82   70    1  113   45    1    4]
 [  10    1    0    1    0  189    6]
 [  11    4    0   19    0    0  202]]
Macro Precision/Recall/F-score:  (0.765961341355767, 0.7329621442726524, 0.7332164316996987, None)

epoch 16/30
ex_result
Accuracy:  0.2562681113770946
Confusion Metric: 
 [[1804 1632  108    0    0    0    0]
 [1511  191   31    0    0    0    0]
 [ 278    6   39    0    0    0    0]
 [ 189 1377   12    0    0    0    0]
 [  92  204   20    0    0    0    0]
 [   5    8  194    0    0    0    0]
 [   5   22  209    0    0    0    0]]
Macro Precision/Recall/F-score:  (0.08337348688651115, 0.10571226886069161, 0.09184399558341616, None)
Accuracy:  0.7885851077233211
Confusion Metric: 
 [[2818  197    3  451   28    9   38]
 [ 181 1432   21   55   25    3   16]
 [  11   49  257    1    3    1    1]
 [ 237   32    0 1288   15    2    4]
 [  99   58    1   87   61    1    9]
 [   9    1    0    1    0  192    4]
 [  14    0    0   11    0    0  211]]
Macro Precision/Recall/F-score:  (0.7668739723576952, 0.7497128834772899, 0.747905852977752, None)

epoch 17/30
ex_result
Accuracy:  0.2741590021418672
Confusion Metric: 
 [[1995 1440  109    0    0    0    0]
 [1542  163   28    0    0    0    0]
 [ 299    6   18    0    0    0    0]
 [ 236 1330   12    0    0    0    0]
 [  99  193   24    0    0    0    0]
 [   6    4  197    0    0    0    0]
 [   6   22  208    0    0    0    0]]
Macro Precision/Recall/F-score:  (0.07982096016487734, 0.10181533629718735, 0.08888531662512619, None)
Accuracy:  0.7909789593045231
Confusion Metric: 
 [[2988  217    4  247   45    9   34]
 [ 184 1462   30   21   21    3   12]
 [   9   45  264    1    3    1    0]
 [ 395   64    0 1086   26    2    5]
 [ 110   65    1   59   76    1    4]
 [  10    1    0    1    0  189    6]
 [  15    0    0    5    3    0  213]]
Macro Precision/Recall/F-score:  (0.7682251485115492, 0.7497687810384667, 0.7536007398106781, None)

epoch 18/30
ex_result
Accuracy:  0.24467683003653773
Confusion Metric: 
 [[1691 1738  115    0    0    0    0]
 [1470  232   31    0    0    0    0]
 [ 298    6   19    0    0    0    0]
 [ 163 1405   10    0    0    0    0]
 [  80  213   23    0    0    0    0]
 [   4    4  199    0    0    0    0]
 [   7   28  201    0    0    0    0]]
Macro Precision/Recall/F-score:  (0.07874025764033556, 0.09569141391139031, 0.08483937346389088, None)
Accuracy:  0.7762378732518583
Confusion Metric: 
 [[2675  187    2  604   32   10   34]
 [ 172 1419   14  101   11    3   13]
 [  13   52  253    2    2    1    0]
 [ 176   30    0 1353   14    3    2]
 [  87   62    1   99   61    1    5]
 [   6    1    0    1    0  193    6]
 [  10    0    0   19    0    0  207]]
Macro Precision/Recall/F-score:  (0.7741209324711035, 0.7452611572173612, 0.7449980898585743, None)

epoch 19/30
ex_result
Accuracy:  0.23371550963840243
Confusion Metric: 
 [[1647 1763  134    0    0    0    0]
 [1513  189   31    0    0    0    0]
 [ 299    5   19    0    0    0    0]
 [ 178 1388   12    0    0    0    0]
 [  82  209   25    0    0    0    0]
 [   5    3  199    0    0    0    0]
 [   8   20  208    0    0    0    0]]
Macro Precision/Recall/F-score:  (0.07491581120426553, 0.09037315479388953, 0.08055223644508445, None)
Accuracy:  0.7831674436184957
Confusion Metric: 
 [[2726  185    4  538   49   13   29]
 [ 166 1455   16   65   17    4   10]
 [  11   54  254    1    2    1    0]
 [ 206   33    0 1320   14    3    2]
 [  86   64    1  101   61    1    2]
 [   7    1    0    0    0  194    5]
 [  14    1    0   15    0    0  206]]
Macro Precision/Recall/F-score:  (0.7665094748896504, 0.7478241289673833, 0.7478370166953212, None)

epoch 20/30
ex_result
Accuracy:  0.25752803326193774
Confusion Metric: 
 [[1836 1542  166    0    0    0    0]
 [1515  178   40    0    0    0    0]
 [ 288    5   30    0    0    0    0]
 [ 195 1360   23    0    0    0    0]
 [  89  201   26    0    0    0    0]
 [   6    2  199    0    0    0    0]
 [   5   20  211    0    0    0    0]]
Macro Precision/Recall/F-score:  (0.08052499640828366, 0.10195000110320084, 0.08865719856382791, None)
Accuracy:  0.7957666624669271
Confusion Metric: 
 [[2920  233    5  281   52   13   40]
 [ 149 1502   19   24   17    3   19]
 [  10   52  258    1    0    1    1]
 [ 339   56    0 1149   27    2    5]
 [  92   82    1   59   76    1    5]
 [   7    1    0    1    0  194    4]
 [   9    0    0    9    1    0  217]]
Macro Precision/Recall/F-score:  (0.7664484501113555, 0.7592467592924174, 0.7564707697338199, None)

epoch 21/30
ex_result
Accuracy:  0.23825122842383772
Confusion Metric: 
 [[1660 1748  136    0    0    0    0]
 [1496  205   32    0    0    0    0]
 [ 291    6   26    0    0    0    0]
 [ 176 1388   14    0    0    0    0]
 [  79  211   26    0    0    0    0]
 [   4    4  199    0    0    0    0]
 [   7   23  206    0    0    0    0]]
Macro Precision/Recall/F-score:  (0.0778498737504543, 0.09531208949433063, 0.0840914325124277, None)
Accuracy:  0.7966486077863173
Confusion Metric: 
 [[2871  237    5  350   48    9   24]
 [ 145 1482   28   45   23    2    8]
 [  10   43  266    1    2    1    0]
 [ 283   43    0 1225   26    1    0]
 [  87   74    2   69   79    1    4]
 [   7    1    0    1    0  193    5]
 [  12    3    0   14    0    0  207]]
Macro Precision/Recall/F-score:  (0.777257933364534, 0.7606543361757483, 0.7644598119354757, None)

epoch 22/30
ex_result
Accuracy:  0.26118180672798286
Confusion Metric: 
 [[1877 1540  127    0    0    0    0]
 [1525  177   31    0    0    0    0]
 [ 299    5   19    0    0    0    0]
 [ 200 1363   15    0    0    0    0]
 [  92  202   22    0    0    0    0]
 [   6    4  197    0    0    0    0]
 [   9   23  204    0    0    0    0]]
Macro Precision/Recall/F-score:  (0.0789453512716387, 0.09865515641166897, 0.08681989558799233, None)
Accuracy:  0.7953886859014742
Confusion Metric: 
 [[2875  252    3  337   42   11   24]
 [ 145 1511   20   38   11    2    6]
 [  10   49  261    1    1    1    0]
 [ 308   44    0 1205   17    2    2]
 [  99   77    1   69   67    1    2]
 [   7    1    0    1    0  192    6]
 [  18    4    0   11    1    0  202]]
Macro Precision/Recall/F-score:  (0.7837599385017785, 0.7500424027457121, 0.7584406459781091, None)

epoch 23/30
ex_result
Accuracy:  0.2327075721305279
Confusion Metric: 
 [[1613 1828  103    0    0    0    0]
 [1487  217   29    0    0    0    0]
 [ 296   10   17    0    0    0    0]
 [ 162 1407    9    0    0    0    0]
 [  81  217   18    0    0    0    0]
 [   6    7  194    0    0    0    0]
 [   9   23  204    0    0    0    0]]
Macro Precision/Recall/F-score:  (0.07565101508008616, 0.09042620098497621, 0.0808334666789322, None)
Accuracy:  0.780899584225778
Confusion Metric: 
 [[2642  291    4  512   59    9   27]
 [ 113 1518   17   54   20    2    9]
 [   7   56  256    1    2    1    0]
 [ 208   44    0 1308   13    1    4]
 [  72   66    1   96   78    1    2]
 [   9    1    0    1    0  190    6]
 [  11    2    0   16    1    0  206]]
Macro Precision/Recall/F-score:  (0.771764403936383, 0.7543544572268741, 0.7554149581839928, None)

epoch 24/30
ex_result
Accuracy:  0.2417790097013985
Confusion Metric: 
 [[1665 1724  155    0    0    0    0]
 [1478  225   30    0    0    0    0]
 [ 287    7   29    0    0    0    0]
 [ 166 1399   13    0    0    0    0]
 [  81  212   23    0    0    0    0]
 [   6    5  196    0    0    0    0]
 [   9   21  206    0    0    0    0]]
Macro Precision/Recall/F-score:  (0.07972505334375694, 0.0984891526102184, 0.08631105140406174, None)
Accuracy:  0.7861912561421192
Confusion Metric: 
 [[2723  278    4  460   43   11   25]
 [ 120 1518   17   52   15    2    9]
 [  10   57  251    2    2    1    0]
 [ 221   45    0 1297   10    1    4]
 [  87   74    1   91   59    1    3]
 [   8    1    0    1    0  192    5]
 [  17    2    0   15    2    0  200]]
Macro Precision/Recall/F-score:  (0.7721985988752105, 0.7435710757688211, 0.747344894319996, None)

epoch 25/30
ex_result
Accuracy:  0.26773340052916716
Confusion Metric: 
 [[1937 1475  132    0    0    0    0]
 [1542  164   27    0    0    0    0]
 [ 294    5   24    0    0    0    0]
 [ 214 1347   17    0    0    0    0]
 [  99  197   20    0    0    0    0]
 [   6    5  196    0    0    0    0]
 [   9   19  208    0    0    0    0]]
Macro Precision/Recall/F-score:  (0.08026341320425957, 0.10221350729013204, 0.08910749042274602, None)
Accuracy:  0.7952626937129897
Confusion Metric: 
 [[2914  239    6  326   25   12   22]
 [ 174 1480   27   32   11    2    7]
 [  12   44  264    1    0    1    1]
 [ 304   54    0 1200   16    2    2]
 [ 107   80    1   67   57    1    3]
 [   9    1    0    1    0  191    5]
 [  21    2    0    7    0    0  206]]
Macro Precision/Recall/F-score:  (0.7851983801057995, 0.7471436144906243, 0.753721775896289, None)

epoch 26/30
ex_result
Accuracy:  0.260425853597077
Confusion Metric: 
 [[1862 1551  131    0    0    0    0]
 [1529  177   27    0    0    0    0]
 [ 290    5   28    0    0    0    0]
 [ 194 1370   14    0    0    0    0]
 [  98  198   20    0    0    0    0]
 [   6    4  197    0    0    0    0]
 [   9   21  206    0    0    0    0]]
Macro Precision/Recall/F-score:  (0.08072308570024192, 0.10203105233258931, 0.08908495891138488, None)
Accuracy:  0.7909789593045231
Confusion Metric: 
 [[2773  243    5  451   35   11   26]
 [ 142 1495   21   53   13    2    7]
 [   9   57  254    2    0    1    0]
 [ 229   42    0 1291   13    2    1]
 [  86   73    1   85   67    1    3]
 [   8    1    0    1    0  193    4]
 [  16    1    0   12    2    0  205]]
Macro Precision/Recall/F-score:  (0.7835259797750554, 0.7518076511524795, 0.7566129550482471, None)

epoch 27/30
ex_result
Accuracy:  0.25223636134559657
Confusion Metric: 
 [[1812 1612  120    0    0    0    0]
 [1530  173   30    0    0    0    0]
 [ 301    5   17    0    0    0    0]
 [ 195 1368   15    0    0    0    0]
 [  93  201   22    0    0    0    0]
 [   6    6  195    0    0    0    0]
 [   8   25  203    0    0    0    0]]
Macro Precision/Recall/F-score:  (0.07694103434128581, 0.09482073577849162, 0.0840292918090858, None)
Accuracy:  0.7787577170215446
Confusion Metric: 
 [[2705  180    8  575   39   10   27]
 [ 166 1434   27   75   19    2   10]
 [   8   46  264    2    1    1    1]
 [ 203   31    0 1329   11    2    2]
 [  94   56    1  103   58    1    3]
 [   7    1    0    3    0  193    3]
 [  18    0    0   19    1    0  198]]
Macro Precision/Recall/F-score:  (0.7658573535940926, 0.7435951372079742, 0.7440779959904787, None)

epoch 28/30
ex_result
Accuracy:  0.2553861660577044
Confusion Metric: 
 [[1847 1556  141    0    0    0    0]
 [1543  159   31    0    0    0    0]
 [ 296    6   21    0    0    0    0]
 [ 211 1347   20    0    0    0    0]
 [  93  194   29    0    0    0    0]
 [   6    3  198    0    0    0    0]
 [  10   19  207    0    0    0    0]]
Macro Precision/Recall/F-score:  (0.07741892481169625, 0.09684663160703451, 0.08513642642510125, None)
Accuracy:  0.7870732014615094
Confusion Metric: 
 [[2782  269    7  376   66    9   35]
 [ 122 1514   22   36   24    2   13]
 [   9   52  258    1    1    1    1]
 [ 276   54    0 1214   25    2    7]
 [  84   74    1   74   78    1    4]
 [   7    1    0    1    0  192    6]
 [  15    3    0    6    3    0  209]]
Macro Precision/Recall/F-score:  (0.7577272994305149, 0.7552390037506237, 0.7521415402652322, None)

epoch 29/30
ex_result
Accuracy:  0.25840997858132797
Confusion Metric: 
 [[1850 1558  136    0    0    0    0]
 [1527  173   33    0    0    0    0]
 [ 290    5   28    0    0    0    0]
 [ 208 1354   16    0    0    0    0]
 [ 100  195   21    0    0    0    0]
 [   6    3  198    0    0    0    0]
 [   9   25  202    0    0    0    0]]
Macro Precision/Recall/F-score:  (0.08000595982516837, 0.10121760366191683, 0.08831319168918327, None)
Accuracy:  0.7749779513670152
Confusion Metric: 
 [[2613  313    5  546   37   10   20]
 [ 105 1532   22   58    7    2    7]
 [   7   54  260    1    0    1    0]
 [ 195   55    0 1313   13    2    0]
 [  80   83    1   98   51    1    2]
 [  11    1    0    1    0  190    4]
 [  14    4    0   25    1    0  192]]
Macro Precision/Recall/F-score:  (0.7719106698620735, 0.7358806042625147, 0.7395367650397551, None)

best_epoch:  21 0.7644598119354757 0.7966486077863173


time= 1231
use 343 from author
Loading Data...
len(test_X):  981
len(train_X):  3803
paragraph level BiLSTM label embedding 3 class

epoch 0/30
ex_result
Accuracy:  0.29935743983873
Confusion Metric: 
 [[2209 1284   51    0    0    0    0]
 [1550  166   17    0    0    0    0]
 [ 314    8    1    0    0    0    0]
 [ 239 1332    7    0    0    0    0]
 [ 134  169   13    0    0    0    0]
 [   8   11  188    0    0    0    0]
 [  12   44  180    0    0    0    0]]
Macro Precision/Recall/F-score:  (0.07884150827854053, 0.1031700892066141, 0.08915193723742233, None)
Accuracy:  0.6790978959304523
Confusion Metric: 
 [[2705  399    1  389    0   11   39]
 [ 335 1306    3   72    0    1   16]
 [  32  275   11    4    0    1    0]
 [ 437   67    0 1067    0    2    5]
 [ 154   71    1   77    0    1   12]
 [  18    0    1    0    0  126   62]
 [  23    7    0   31    0    0  175]]
Macro Precision/Recall/F-score:  (0.5851736253325893, 0.5110453553346759, 0.5022233002085968, None)

epoch 1/30
ex_result
Accuracy:  0.2687413380370417
Confusion Metric: 
 [[1956 1536   52    0    0    0    0]
 [1543  176   14    0    0    0    0]
 [ 318    4    1    0    0    0    0]
 [ 198 1369   11    0    0    0    0]
 [ 130  174   12    0    0    0    0]
 [   9   11  187    0    0    0    0]
 [  12   36  188    0    0    0    0]]
Macro Precision/Recall/F-score:  (0.07498602852556002, 0.09379610043505278, 0.08282659959443538, None)
Accuracy:  0.7365503338792995
Confusion Metric: 
 [[2960  270   12  251    0   13   38]
 [ 288 1321   45   65    0    4   10]
 [  22   56  242    2    0    1    0]
 [ 537   65    2  964    0    2    8]
 [ 154   74    5   71    0    1   11]
 [  16    0    1    0    0  174   16]
 [  25    5    1   19    0    1  185]]
Macro Precision/Recall/F-score:  (0.6490855370833609, 0.6545829021554201, 0.650354880263471, None)

epoch 2/30
ex_result
Accuracy:  0.3216580572004536
Confusion Metric: 
 [[2405 1067   72    0    0    0    0]
 [1567  145   21    0    0    0    0]
 [ 317    3    3    0    0    0    0]
 [ 284 1281   13    0    0    0    0]
 [ 161  142   13    0    0    0    0]
 [  14    5  188    0    0    0    0]
 [   8   25  203    0    0    0    0]]
Macro Precision/Recall/F-score:  (0.08083897411890668, 0.11022422862454768, 0.09322703153654988, None)
Accuracy:  0.7356683885599092
Confusion Metric: 
 [[2702  258    4  512    0   13   55]
 [ 244 1354   22   94    0    4   15]
 [  26   52  240    2    0    1    2]
 [ 340   68    1 1158    0    2    9]
 [ 133   76    1   93    0    1   12]
 [  13    1    0    1    0  186    6]
 [  13    3    0   20    0    1  199]]
Macro Precision/Recall/F-score:  (0.657026638786418, 0.6803378386228068, 0.6654114278642007, None)

epoch 3/30
ex_result
Accuracy:  0.2786947209273025
Confusion Metric: 
 [[1996 1489   59    0    0    0    0]
 [1500  213   20    0    0    0    0]
 [ 317    3    3    0    0    0    0]
 [ 170 1400    8    0    0    0    0]
 [ 120  182   14    0    0    0    0]
 [  13    6  188    0    0    0    0]
 [   6   24  206    0    0    0    0]]
Macro Precision/Recall/F-score:  (0.07920995771800114, 0.0993430849843802, 0.08748650434533738, None)
Accuracy:  0.7620007559531309
Confusion Metric: 
 [[2898  292   11  276    3   15   49]
 [ 168 1446   30   71    1    4   13]
 [  16   44  258    2    0    1    2]
 [ 464   54    1 1052    0    2    5]
 [ 126   93    2   80    2    1   12]
 [  13    0    1    0    0  186    7]
 [  17    2    1    9    0    1  206]]
Macro Precision/Recall/F-score:  (0.7151581811436181, 0.6993286843490989, 0.6828304829590061, None)

epoch 4/30
ex_result
Accuracy:  0.26773340052916716
Confusion Metric: 
 [[1914 1579   51    0    0    0    0]
 [1505  209   19    0    0    0    0]
 [ 316    5    2    0    0    0    0]
 [ 153 1419    6    0    0    0    0]
 [ 122  186    8    0    0    0    0]
 [  13   10  184    0    0    0    0]
 [   7   25  204    0    0    0    0]]
Macro Precision/Recall/F-score:  (0.07714815308588759, 0.09526568370878553, 0.08447796324743535, None)
Accuracy:  0.7648985762882702
Confusion Metric: 
 [[2901  327    3  254    9   18   32]
 [ 155 1463   28   58   13    4   12]
 [  19   46  255    2    0    1    0]
 [ 462   58    1 1046    5    2    4]
 [ 134   93    1   67   14    1    6]
 [  13    1    0    0    0  189    4]
 [  20    2    0    9    1    1  203]]
Macro Precision/Recall/F-score:  (0.7311890366935284, 0.7046603194332578, 0.7005634546606316, None)

epoch 5/30
ex_result
Accuracy:  0.28474234597454956
Confusion Metric: 
 [[2094 1399   51    0    0    0    0]
 [1552  165   16    0    0    0    0]
 [ 318    4    1    0    0    0    0]
 [ 202 1368    8    0    0    0    0]
 [ 136  172    8    0    0    0    0]
 [  11    6  190    0    0    0    0]
 [  11   26  199    0    0    0    0]]
Macro Precision/Recall/F-score:  (0.0769908223060057, 0.09845205435271573, 0.08607361672325511, None)
Accuracy:  0.7703162403930957
Confusion Metric: 
 [[2985  275    5  213   22   12   32]
 [ 181 1444   26   51   20    4    7]
 [  17   48  255    2    0    1    0]
 [ 489   56    0 1015   13    2    3]
 [ 135   83    1   61   29    1    6]
 [  14    1    0    0    0  186    6]
 [  22    4    0    9    0    1  200]]
Macro Precision/Recall/F-score:  (0.7433356749940823, 0.7065684623964549, 0.7128177624804968, None)

epoch 6/30
ex_result
Accuracy:  0.2831044475242535
Confusion Metric: 
 [[2079 1415   50    0    0    0    0]
 [1552  166   15    0    0    0    0]
 [ 317    4    2    0    0    0    0]
 [ 197 1374    7    0    0    0    0]
 [ 130  177    9    0    0    0    0]
 [  14    5  188    0    0    0    0]
 [  10   26  200    0    0    0    0]]
Macro Precision/Recall/F-score:  (0.07718037958741848, 0.09837212630041085, 0.08613530901657016, None)
Accuracy:  0.7780017638906388
Confusion Metric: 
 [[3040  265    8  163   22   10   36]
 [ 175 1449   36   36   24    5    8]
 [  18   41  263    0    0    1    0]
 [ 494   60    0  996   23    2    3]
 [ 142   81    1   52   33    1    6]
 [  13    1    0    0    0  189    4]
 [  21    2    0    5    2    1  205]]
Macro Precision/Recall/F-score:  (0.7422001615915794, 0.7179211800997214, 0.7201311291280518, None)

epoch 7/30
ex_result
Accuracy:  0.288522111629079
Confusion Metric: 
 [[2128 1378   38    0    0    0    0]
 [1560  160   13    0    0    0    0]
 [ 317    4    2    0    0    0    0]
 [ 205 1369    4    0    0    0    0]
 [ 134  174    8    0    0    0    0]
 [  14    8  185    0    0    0    0]
 [  15   28  193    0    0    0    0]]
Macro Precision/Recall/F-score:  (0.07748610695138551, 0.09985269499062917, 0.08696061536846249, None)
Accuracy:  0.7802696232833565
Confusion Metric: 
 [[2974  304    9  202   17   11   27]
 [ 153 1481   27   43   18    4    7]
 [  13   44  264    0    1    1    0]
 [ 453   53    0 1055   15    2    0]
 [ 131   79    1   68   31    1    5]
 [  13    1    0    0    0  188    5]
 [  20    3    0   12    1    0  200]]
Macro Precision/Recall/F-score:  (0.7554609191792204, 0.7190612754557364, 0.7245806344387382, None)

epoch 8/30
ex_result
Accuracy:  0.29154592415270253
Confusion Metric: 
 [[2163 1337   44    0    0    0    0]
 [1567  150   16    0    0    0    0]
 [ 318    4    1    0    0    0    0]
 [ 214 1356    8    0    0    0    0]
 [ 145  163    8    0    0    0    0]
 [  10    7  190    0    0    0    0]
 [  11   26  199    0    0    0    0]]
Macro Precision/Recall/F-score:  (0.07713168113879279, 0.09999691367903545, 0.08685688529303245, None)
Accuracy:  0.7824114904875897
Confusion Metric: 
 [[2994  283   10  192   25   12   28]
 [ 161 1464   36   40   20    4    8]
 [  12   36  273    0    1    1    0]
 [ 451   52    3 1038   27    2    5]
 [ 129   77    1   59   41    1    8]
 [  11    1    0    0    0  191    4]
 [  16    3    0    7    1    0  209]]
Macro Precision/Recall/F-score:  (0.7484295530925779, 0.7329467504701951, 0.7316828924253395, None)

epoch 9/30
ex_result
Accuracy:  0.28726218974423584
Confusion Metric: 
 [[2122 1376   46    0    0    0    0]
 [1561  156   16    0    0    0    0]
 [ 319    2    2    0    0    0    0]
 [ 209 1359   10    0    0    0    0]
 [ 139  167   10    0    0    0    0]
 [  13    6  188    0    0    0    0]
 [   6   25  205    0    0    0    0]]
Macro Precision/Recall/F-score:  (0.07719380613416203, 0.09928110378529045, 0.08657274773251507, None)
Accuracy:  0.7856872873881819
Confusion Metric: 
 [[2905  256    5  296   38   14   30]
 [ 134 1461   28   64   30    5   11]
 [  14   39  266    1    2    1    0]
 [ 351   44    2 1146   28    2    5]
 [ 106   70    1   76   54    1    8]
 [  10    1    0    0    0  192    4]
 [  15    1    0    7    1    0  212]]
Macro Precision/Recall/F-score:  (0.7478471332291647, 0.7441763635914409, 0.7405910874764193, None)

epoch 10/30
ex_result
Accuracy:  0.2713871739952123
Confusion Metric: 
 [[1979 1525   40    0    0    0    0]
 [1544  174   15    0    0    0    0]
 [ 318    4    1    0    0    0    0]
 [ 184 1389    5    0    0    0    0]
 [ 120  188    8    0    0    0    0]
 [  14    6  187    0    0    0    0]
 [  10   27  199    0    0    0    0]]
Macro Precision/Recall/F-score:  (0.07563033539214592, 0.09455835384882973, 0.08352797314328134, None)
Accuracy:  0.7837974045609172
Confusion Metric: 
 [[2860  295    8  305   39   14   23]
 [ 126 1478   33   56   26    5    9]
 [  12   33  275    1    1    1    0]
 [ 338   48    2 1158   27    2    3]
 [ 103   73    1   81   51    1    6]
 [  10    1    0    0    0  194    2]
 [  15    2    2   10    1    1  205]]
Macro Precision/Recall/F-score:  (0.7478842176793048, 0.7446174421023143, 0.7406841915653375, None)

epoch 11/30
ex_result
Accuracy:  0.282096510016379
Confusion Metric: 
 [[2075 1427   42    0    0    0    0]
 [1558  162   13    0    0    0    0]
 [ 318    3    2    0    0    0    0]
 [ 205 1370    3    0    0    0    0]
 [ 128  180    8    0    0    0    0]
 [  17    6  184    0    0    0    0]
 [  10   26  200    0    0    0    0]]
Macro Precision/Recall/F-score:  (0.07668447351773862, 0.0978811542501834, 0.08564504578251543, None)
Accuracy:  0.78971903741968
Confusion Metric: 
 [[2993  230    7  258   31    7   18]
 [ 177 1425   36   57   27    5    6]
 [  13   34  272    1    2    1    0]
 [ 366   42    2 1147   19    1    1]
 [ 128   63    1   77   43    1    3]
 [  14    2    0    1    0  186    4]
 [  20    3    0   11    0    0  202]]
Macro Precision/Recall/F-score:  (0.7620143138512481, 0.7323332955805874, 0.7401802736981116, None)

epoch 12/30
ex_result
Accuracy:  0.28537230691697113
Confusion Metric: 
 [[2127 1376   41    0    0    0    0]
 [1585  137   11    0    0    0    0]
 [ 319    3    1    0    0    0    0]
 [ 224 1349    5    0    0    0    0]
 [ 137  173    6    0    0    0    0]
 [  17    6  184    0    0    0    0]
 [  15   26  195    0    0    0    0]]
Macro Precision/Recall/F-score:  (0.07538133742201215, 0.0974741342320168, 0.08479202668005222, None)
Accuracy:  0.7844273655033388
Confusion Metric: 
 [[2808  294   10  369   36    8   19]
 [ 135 1485   31   48   20    5    9]
 [  11   36  273    1    1    1    0]
 [ 272   58    2 1225   18    2    1]
 [  99   84    1   83   44    1    4]
 [  14    1    0    0    0  189    3]
 [  15    5    0   13    1    0  202]]
Macro Precision/Recall/F-score:  (0.7560304176674758, 0.7398481646345975, 0.7398392094717368, None)

epoch 13/30
ex_result
Accuracy:  0.28890008819453195
Confusion Metric: 
 [[2150 1354   40    0    0    0    0]
 [1579  142   12    0    0    0    0]
 [ 319    3    1    0    0    0    0]
 [ 228 1346    4    0    0    0    0]
 [ 129  180    7    0    0    0    0]
 [  13    7  187    0    0    0    0]
 [  11   28  197    0    0    0    0]]
Macro Precision/Recall/F-score:  (0.07629632354559948, 0.09881342169080241, 0.08588104526017211, None)
Accuracy:  0.7888370921002897
Confusion Metric: 
 [[2893  253    8  307   52   14   17]
 [ 152 1448   35   57   31    4    6]
 [  14   28  276    1    3    1    0]
 [ 323   44    2 1174   32    2    1]
 [ 102   64    2   68   75    1    4]
 [  12    1    0    0    0  192    2]
 [  20    1    0    9    2    1  203]]
Macro Precision/Recall/F-score:  (0.7628645782385968, 0.7536244190093772, 0.7555829821038993, None)

epoch 14/30
ex_result
Accuracy:  0.3038931586241653
Confusion Metric: 
 [[2293 1219   32    0    0    0    0]
 [1602  118   13    0    0    0    0]
 [ 320    2    1    0    0    0    0]
 [ 254 1322    2    0    0    0    0]
 [ 152  159    5    0    0    0    0]
 [  15    8  184    0    0    0    0]
 [  15   27  194    0    0    0    0]]
Macro Precision/Recall/F-score:  (0.0766662056132108, 0.10259928884122742, 0.08767151045745457, None)
Accuracy:  0.7902230061736172
Confusion Metric: 
 [[2950  244    9  260   58    9   14]
 [ 156 1461   31   46   30    4    5]
 [  12   38  269    1    2    1    0]
 [ 365   48    2 1123   36    2    2]
 [ 107   65    1   62   78    1    2]
 [  12    1    0    0    0  191    3]
 [  23    4    0    7    2    0  200]]
Macro Precision/Recall/F-score:  (0.77029517939756, 0.7481307953485687, 0.7569026830961498, None)

epoch 15/30
ex_result
Accuracy:  0.29960942421569864
Confusion Metric: 
 [[2263 1247   34    0    0    0    0]
 [1604  114   15    0    0    0    0]
 [ 319    3    1    0    0    0    0]
 [ 270 1306    2    0    0    0    0]
 [ 142  168    6    0    0    0    0]
 [  13    8  186    0    0    0    0]
 [  17   24  195    0    0    0    0]]
Macro Precision/Recall/F-score:  (0.07585418281228741, 0.10106026777455367, 0.08657142483965186, None)
Accuracy:  0.7924908655663349
Confusion Metric: 
 [[3026  253    8  199   31   10   17]
 [ 154 1468   40   41   19    5    6]
 [   9   30  279    1    3    1    0]
 [ 424   50    2 1071   28    2    1]
 [ 133   68    1   53   57    1    3]
 [  10    1    0    0    0  192    4]
 [  23    4    1    8    3    0  197]]
Macro Precision/Recall/F-score:  (0.7693255818426691, 0.74086707220075, 0.748103986656111, None)

epoch 16/30
ex_result
Accuracy:  0.3120826508756457
Confusion Metric: 
 [[2372 1137   35    0    0    0    0]
 [1614  104   15    0    0    0    0]
 [ 319    3    1    0    0    0    0]
 [ 292 1284    2    0    0    0    0]
 [ 151  159    6    0    0    0    0]
 [  10    8  189    0    0    0    0]
 [  20   21  195    0    0    0    0]]
Macro Precision/Recall/F-score:  (0.07671299537104441, 0.10462967737810468, 0.0884883314786545, None)
Accuracy:  0.787325185838478
Confusion Metric: 
 [[2956  298    6  208   55    8   13]
 [ 136 1486   39   37   28    2    5]
 [   7   36  276    1    2    1    0]
 [ 403   61    1 1073   37    1    2]
 [ 109   71    1   55   76    1    3]
 [  15    1    0    1    1  189    0]
 [  25    4    2    6    4    2  193]]
Macro Precision/Recall/F-score:  (0.7699348589518747, 0.7424812289646306, 0.7529656971927113, None)

epoch 17/30
ex_result
Accuracy:  0.3178782915459242
Confusion Metric: 
 [[2406 1105   33    0    0    0    0]
 [1603  116   14    0    0    0    0]
 [ 319    3    1    0    0    0    0]
 [ 290 1284    4    0    0    0    0]
 [ 155  156    5    0    0    0    0]
 [  13    8  186    0    0    0    0]
 [  20   18  198    0    0    0    0]]
Macro Precision/Recall/F-score:  (0.07800206714305916, 0.10698940423501083, 0.09019404461963564, None)
Accuracy:  0.784931334257276
Confusion Metric: 
 [[2794  275    8  401   36   11   19]
 [ 132 1461   38   65   26    4    7]
 [  10   33  275    2    2    1    0]
 [ 254   48    2 1249   20    2    3]
 [  94   68    1   88   61    1    3]
 [  10    1    0    0    0  194    2]
 [  17    6    0   15    1    1  196]]
Macro Precision/Recall/F-score:  (0.7610865583939846, 0.7478667716591509, 0.7476203074808693, None)

epoch 18/30
ex_result
Accuracy:  0.31220864306413004
Confusion Metric: 
 [[2378 1140   26    0    0    0    0]
 [1620   99   14    0    0    0    0]
 [ 320    2    1    0    0    0    0]
 [ 315 1261    2    0    0    0    0]
 [ 157  152    7    0    0    0    0]
 [  23    8  176    0    0    0    0]
 [  19   21  196    0    0    0    0]]
Macro Precision/Recall/F-score:  (0.07591491764280837, 0.10445936766843224, 0.08790490267885039, None)
Accuracy:  0.7903489983621016
Confusion Metric: 
 [[2972  281   19  208   38    5   21]
 [ 131 1474   53   38   26    2    9]
 [   7   25  287    1    2    1    0]
 [ 415   49    5 1076   29    1    3]
 [ 112   73    2   53   69    1    6]
 [  15    2    0    0    0  187    3]
 [  15    5    2    4    2    0  208]]
Macro Precision/Recall/F-score:  (0.7627294943053062, 0.7518087603840086, 0.7514224353577352, None)

epoch 19/30
ex_result
Accuracy:  0.30187728360841626
Confusion Metric: 
 [[2304 1214   26    0    0    0    0]
 [1628   91   14    0    0    0    0]
 [ 319    3    1    0    0    0    0]
 [ 299 1277    2    0    0    0    0]
 [ 155  154    7    0    0    0    0]
 [  18   11  178    0    0    0    0]
 [  19   23  194    0    0    0    0]]
Macro Precision/Recall/F-score:  (0.07443672186600507, 0.10081699144930593, 0.08559912980115822, None)
Accuracy:  0.7870732014615094
Confusion Metric: 
 [[2848  324   16  294   41    6   15]
 [ 123 1495   45   39   23    3    5]
 [   6   30  282    2    2    1    0]
 [ 332   52    3 1166   23    1    1]
 [  94   76    2   74   66    1    3]
 [  13    2    0    0    0  189    3]
 [  18    5    2    9    1    0  201]]
Macro Precision/Recall/F-score:  (0.7670945034467903, 0.7502645452285498, 0.7526784787946796, None)

epoch 20/30
ex_result
Accuracy:  0.33387929948343203
Confusion Metric: 
 [[2576  939   29    0    0    0    0]
 [1645   73   15    0    0    0    0]
 [ 320    2    1    0    0    0    0]
 [ 401 1174    3    0    0    0    0]
 [ 173  136    7    0    0    0    0]
 [  17    5  185    0    0    0    0]
 [  19   23  194    0    0    0    0]]
Macro Precision/Recall/F-score:  (0.07620551870882954, 0.11029739471441427, 0.09012956590498016, None)
Accuracy:  0.7931208265087565
Confusion Metric: 
 [[3072  245   10  162   30    9   16]
 [ 165 1469   39   28   23    3    6]
 [   7   33  279    1    2    1    0]
 [ 474   58    3 1011   29    1    2]
 [ 122   67    1   50   72    1    3]
 [  11    1    0    0    0  191    4]
 [  23    4    2    4    2    0  201]]
Macro Precision/Recall/F-score:  (0.780733759791865, 0.7458842855476162, 0.7560873649308154, None)

epoch 21/30
ex_result
Accuracy:  0.3094368149174751
Confusion Metric: 
 [[2368 1141   35    0    0    0    0]
 [1628   87   18    0    0    0    0]
 [ 319    3    1    0    0    0    0]
 [ 333 1240    5    0    0    0    0]
 [ 155  156    5    0    0    0    0]
 [  14    9  184    0    0    0    0]
 [  18   25  193    0    0    0    0]]
Macro Precision/Recall/F-score:  (0.07496060006279388, 0.10306707067286114, 0.08677711930113312, None)
Accuracy:  0.7803956154718408
Confusion Metric: 
 [[2685  376   12  387   50   12   22]
 [ 100 1520   38   41   19    5   10]
 [   5   34  282    1    0    1    0]
 [ 246   62    2 1243   20    2    3]
 [  82   85    1   79   65    1    3]
 [   8    1    0    0    0  197    1]
 [  16    6    0    9    1    2  202]]
Macro Precision/Recall/F-score:  (0.7549917923905738, 0.7584000654480055, 0.7495990402649525, None)

epoch 22/30
ex_result
Accuracy:  0.32291797908529674
Confusion Metric: 
 [[2469 1043   32    0    0    0    0]
 [1623   93   17    0    0    0    0]
 [ 320    2    1    0    0    0    0]
 [ 336 1238    4    0    0    0    0]
 [ 157  151    8    0    0    0    0]
 [  16    7  184    0    0    0    0]
 [  18   23  195    0    0    0    0]]
Macro Precision/Recall/F-score:  (0.0769338693710603, 0.1076329386159869, 0.08972569023554888, None)
Accuracy:  0.7899710217966486
Confusion Metric: 
 [[2933  313    5  226   40    9   18]
 [ 131 1520   26   28   17    4    7]
 [   7   45  267    2    1    1    0]
 [ 388   72    2 1091   20    2    3]
 [ 102   82    1   57   69    1    4]
 [  13    2    0    0    0  190    2]
 [  22    4    0    6    2    2  200]]
Macro Precision/Recall/F-score:  (0.7784483981675229, 0.7437687173431863, 0.7535777121457746, None)

epoch 23/30
ex_result
Accuracy:  0.32984754945193395
Confusion Metric: 
 [[2545  974   25    0    0    0    0]
 [1646   72   15    0    0    0    0]
 [ 319    3    1    0    0    0    0]
 [ 380 1195    3    0    0    0    0]
 [ 177  133    6    0    0    0    0]
 [  17   12  178    0    0    0    0]
 [  19   21  196    0    0    0    0]]
Macro Precision/Recall/F-score:  (0.0758514641007453, 0.1089653643751886, 0.08943975121268595, None)
Accuracy:  0.7878291545924153
Confusion Metric: 
 [[2938  297   17  232   33    9   18]
 [ 139 1479   63   27   16    4    5]
 [   5   27  289    1    0    1    0]
 [ 382   69    4 1095   23    1    4]
 [ 112   73    3   62   62    1    3]
 [  15    2    0    1    0  187    2]
 [  23    4    1    4    1    0  203]]
Macro Precision/Recall/F-score:  (0.7645591684869614, 0.7472638545964357, 0.7469544311073262, None)

epoch 24/30
ex_result
Accuracy:  0.3260677837974046
Confusion Metric: 
 [[2505 1011   28    0    0    0    0]
 [1636   81   16    0    0    0    0]
 [ 318    3    2    0    0    0    0]
 [ 363 1213    2    0    0    0    0]
 [ 169  140    7    0    0    0    0]
 [  19    9  179    0    0    0    0]
 [  19   23  194    0    0    0    0]]
Macro Precision/Recall/F-score:  (0.0764921634244882, 0.10853716436400294, 0.08973878602991828, None)
Accuracy:  0.7866952248960565
Confusion Metric: 
 [[2829  319   10  311   43   11   21]
 [ 117 1518   38   32   16    5    7]
 [   7   36  276    2    1    1    0]
 [ 313   72    2 1169   17    2    3]
 [ 104   80    1   64   62    1    4]
 [  11    2    0    1    0  191    2]
 [  15    3    3   13    1    2  199]]
Macro Precision/Recall/F-score:  (0.7620390480184059, 0.7473738209629823, 0.747088501817862, None)

epoch 25/30
ex_result
Accuracy:  0.33224140103313593
Confusion Metric: 
 [[2559  964   21    0    0    0    0]
 [1643   78   12    0    0    0    0]
 [ 321    2    0    0    0    0    0]
 [ 399 1176    3    0    0    0    0]
 [ 171  140    5    0    0    0    0]
 [  28    9  170    0    0    0    0]
 [  24   19  193    0    0    0    0]]
Macro Precision/Recall/F-score:  (0.07571991569676788, 0.1095820168949465, 0.08955364147849806, None)
Accuracy:  0.7850573264457603
Confusion Metric: 
 [[2907  347    7  209   52    6   16]
 [ 123 1530   38   19   16    1    6]
 [   8   37  276    1    0    1    0]
 [ 395   87    2 1060   27    2    5]
 [  98   91    1   49   74    1    2]
 [  16    3    0    1    0  184    3]
 [  25    6    1    3    1    0  200]]
Macro Precision/Recall/F-score:  (0.7745862728540238, 0.7428387075693175, 0.7525262635080269, None)

epoch 26/30
ex_result
Accuracy:  0.33400529167191634
Confusion Metric: 
 [[2572  946   26    0    0    0    0]
 [1641   78   14    0    0    0    0]
 [ 320    2    1    0    0    0    0]
 [ 426 1148    4    0    0    0    0]
 [ 175  135    6    0    0    0    0]
 [  22    9  176    0    0    0    0]
 [  21   21  194    0    0    0    0]]
Macro Precision/Recall/F-score:  (0.07607652961584131, 0.11054832357919796, 0.09011988560358586, None)
Accuracy:  0.7880811389693839
Confusion Metric: 
 [[2854  367    9  244   44    9   17]
 [  91 1545   41   29   18    3    6]
 [   6   34  280    1    1    1    0]
 [ 362   77    2 1107   22    3    5]
 [  98   83    1   52   79    1    2]
 [  13    2    0    1    0  189    2]
 [  22    3    2    5    2    1  201]]
Macro Precision/Recall/F-score:  (0.773828628466618, 0.7542792444318297, 0.7576196930757633, None)

epoch 27/30
ex_result
Accuracy:  0.32669774473982616
Confusion Metric: 
 [[2521  993   30    0    0    0    0]
 [1649   71   13    0    0    0    0]
 [ 320    2    1    0    0    0    0]
 [ 410 1162    6    0    0    0    0]
 [ 168  140    8    0    0    0    0]
 [  20   11  176    0    0    0    0]
 [  20   21  195    0    0    0    0]]
Macro Precision/Recall/F-score:  (0.07506484021068986, 0.10791550107885231, 0.08853894517467376, None)
Accuracy:  0.7888370921002897
Confusion Metric: 
 [[2966  292    7  217   40    6   16]
 [ 152 1493   36   26   18    1    7]
 [   8   38  274    1    1    1    0]
 [ 414   72    3 1058   24    1    6]
 [ 106   81    1   44   78    1    5]
 [  14    1    0    1    0  186    5]
 [  22    3    2    3    0    0  206]]
Macro Precision/Recall/F-score:  (0.780835679508659, 0.747921851953356, 0.757538643986749, None)

epoch 28/30
ex_result
Accuracy:  0.3481164167821595
Confusion Metric: 
 [[2700  816   28    0    0    0    0]
 [1656   63   14    0    0    0    0]
 [ 321    2    0    0    0    0    0]
 [ 444 1131    3    0    0    0    0]
 [ 184  124    8    0    0    0    0]
 [  29    6  172    0    0    0    0]
 [  26   16  194    0    0    0    0]]
Macro Precision/Recall/F-score:  (0.07613214873599695, 0.11402916580527138, 0.09126448909527006, None)
Accuracy:  0.7890890764772585
Confusion Metric: 
 [[2933  298    7  250   31    7   18]
 [ 148 1491   45   28   12    2    7]
 [   6   33  282    1    0    1    0]
 [ 370   68    3 1111   21    1    4]
 [ 117   74    2   57   61    1    4]
 [  17    2    0    0    0  184    4]
 [  27    3    1    4    0    0  201]]
Macro Precision/Recall/F-score:  (0.7763299980397813, 0.7426708941432063, 0.7495294694772968, None)

epoch 29/30
ex_result
Accuracy:  0.34005291671916343
Confusion Metric: 
 [[2622  894   28    0    0    0    0]
 [1643   75   15    0    0    0    0]
 [ 318    3    2    0    0    0    0]
 [ 401 1174    3    0    0    0    0]
 [ 171  137    8    0    0    0    0]
 [  27    7  173    0    0    0    0]
 [  21   21  194    0    0    0    0]]
Macro Precision/Recall/F-score:  (0.07730309290338254, 0.11275878432800392, 0.09171053625679966, None)
Accuracy:  0.7883331233463525
Confusion Metric: 
 [[2966  306    6  216   27    8   15]
 [ 150 1510   28   29   12    1    3]
 [   8   41  271    1    1    1    0]
 [ 421   68    2 1065   17    1    4]
 [ 111   89    1   52   60    1    2]
 [  15    2    0    0    0  189    1]
 [  28    6    0    4    1    1  196]]
Macro Precision/Recall/F-score:  (0.7912240096939416, 0.7365097798033055, 0.7519919384449434, None)

best_epoch:  26 0.7576196930757633 0.7880811389693839


time= 1232
use 343 from author
Loading Data...
len(test_X):  981
len(train_X):  3803
paragraph level BiLSTM label embedding 3 class

epoch 0/30
ex_result
Accuracy:  0.31258661962958295
Confusion Metric: 
 [[2313 1141   90    0    0    0    0]
 [1534  167   32    0    0    0    0]
 [ 313    9    1    0    0    0    0]
 [ 286 1270   22    0    0    0    0]
 [ 128  173   15    0    0    0    0]
 [   7    2  198    0    0    0    0]
 [  13   27  196    0    0    0    0]]
Macro Precision/Recall/F-score:  (0.08073799290212044, 0.10744471870740056, 0.09208370861780024, None)
Accuracy:  0.6608290286002267
Confusion Metric: 
 [[2833  273    7  373    0   46   12]
 [ 515 1145   10   39    0   18    6]
 [  42  245   31    4    0    1    0]
 [ 485   63    0 1016    0   12    2]
 [ 169   57    1   79    0    7    3]
 [  15    0    1    0    0  191    0]
 [  31    5    1   29    0  141   29]]
Macro Precision/Recall/F-score:  (0.5167793814208581, 0.4636425849477572, 0.43208793585580396, None)

epoch 1/30
ex_result
Accuracy:  0.32669774473982616
Confusion Metric: 
 [[2444  997  103    0    0    0    0]
 [1552  148   33    0    0    0    0]
 [ 317    5    1    0    0    0    0]
 [ 301 1254   23    0    0    0    0]
 [ 140  166   10    0    0    0    0]
 [   8    1  198    0    0    0    0]
 [  10   22  204    0    0    0    0]]
Macro Precision/Recall/F-score:  (0.08156846140816461, 0.11115903810216422, 0.0940629586504729, None)
Accuracy:  0.7360463651253623
Confusion Metric: 
 [[2845  309    3  341    0   15   31]
 [ 273 1396   11   34    0    4   15]
 [  27  101  192    2    0    1    0]
 [ 428   81    0 1058    0    3    8]
 [ 144   82    1   86    0    1    2]
 [  18    0    1    0    0  184    4]
 [  30    6    0   24    0    9  167]]
Macro Precision/Recall/F-score:  (0.6648507410139505, 0.6385309948575554, 0.6459261603498234, None)

epoch 2/30
ex_result
Accuracy:  0.3153584477762379
Confusion Metric: 
 [[2342 1128   74    0    0    0    0]
 [1549  160   24    0    0    0    0]
 [ 317    5    1    0    0    0    0]
 [ 255 1309   14    0    0    0    0]
 [ 130  180    6    0    0    0    0]
 [   8    2  197    0    0    0    0]
 [   8   27  201    0    0    0    0]]
Macro Precision/Recall/F-score:  (0.08099853384996338, 0.1080366624115051, 0.09247370528533529, None)
Accuracy:  0.7546932090210406
Confusion Metric: 
 [[2856  264    4  365    1   20   34]
 [ 241 1407   13   48    5    6   13]
 [  24   84  212    2    0    1    0]
 [ 367   62    0 1135    4    1    9]
 [ 132   79    1   98    2    1    3]
 [   9    0    1    1    0  194    2]
 [  18    2    0   23    0    9  184]]
Macro Precision/Recall/F-score:  (0.6964123834120087, 0.6737936879742902, 0.6706026601463642, None)

epoch 3/30
ex_result
Accuracy:  0.30817689303263196
Confusion Metric: 
 [[2278 1194   72    0    0    0    0]
 [1543  167   23    0    0    0    0]
 [ 317    5    1    0    0    0    0]
 [ 253 1315   10    0    0    0    0]
 [ 122  188    6    0    0    0    0]
 [   8    5  194    0    0    0    0]
 [   7   32  197    0    0    0    0]]
Macro Precision/Recall/F-score:  (0.08036389333970362, 0.10603388349295362, 0.09126282871916026, None)
Accuracy:  0.7667884591155348
Confusion Metric: 
 [[3014  241    3  252    1    8   25]
 [ 252 1417   16   32    1    5   10]
 [  22   65  234    1    0    1    0]
 [ 455   65    0 1050    1    1    6]
 [ 151   79    1   80    1    1    3]
 [  13    0    1    1    0  188    4]
 [  21    3    0   27    0    3  182]]
Macro Precision/Recall/F-score:  (0.7314114734776155, 0.6772185301357778, 0.6848161450060225, None)

epoch 4/30
ex_result
Accuracy:  0.3154844399647222
Confusion Metric: 
 [[2318 1169   57    0    0    0    0]
 [1525  184   24    0    0    0    0]
 [ 315    6    2    0    0    0    0]
 [ 235 1332   11    0    0    0    0]
 [ 128  183    5    0    0    0    0]
 [   7    6  194    0    0    0    0]
 [   8   32  196    0    0    0    0]]
Macro Precision/Recall/F-score:  (0.08261424577521569, 0.10948991716622801, 0.09398763681447876, None)
Accuracy:  0.77686783419428
Confusion Metric: 
 [[3053  209    3  244    4   10   21]
 [ 262 1406   14   36    3    5    7]
 [  24   60  237    1    0    1    0]
 [ 428   51    0 1087    2    1    9]
 [ 144   73    1   87    7    1    3]
 [  13    0    1    1    0  190    2]
 [  23    3    0   22    0    2  186]]
Macro Precision/Recall/F-score:  (0.7675755681102278, 0.6890743583803349, 0.6993984829043723, None)

epoch 5/30
ex_result
Accuracy:  0.31876023686531435
Confusion Metric: 
 [[2348 1131   65    0    0    0    0]
 [1531  179   23    0    0    0    0]
 [ 312    8    3    0    0    0    0]
 [ 249 1320    9    0    0    0    0]
 [ 130  179    7    0    0    0    0]
 [   6    9  192    0    0    0    0]
 [   7   29  200    0    0    0    0]]
Macro Precision/Recall/F-score:  (0.08300531659093954, 0.11072931949391895, 0.09473655843577314, None)
Accuracy:  0.778505732644576
Confusion Metric: 
 [[2973  261    4  238   15   15   38]
 [ 191 1452   10   44   17    5   14]
 [  15   71  235    1    0    1    0]
 [ 396   51    0 1107   12    2   10]
 [ 126   82    1   79   21    1    6]
 [  10    0    1    1    0  191    4]
 [  18    3    0   13    0    2  200]]
Macro Precision/Recall/F-score:  (0.7392549876351061, 0.7060613973296651, 0.7075995643089578, None)

epoch 6/30
ex_result
Accuracy:  0.3195161899962202
Confusion Metric: 
 [[2339 1138   67    0    0    0    0]
 [1520  195   18    0    0    0    0]
 [ 313    8    2    0    0    0    0]
 [ 239 1328   11    0    0    0    0]
 [ 128  182    6    0    0    0    0]
 [   7    5  195    0    0    0    0]
 [   7   30  199    0    0    0    0]]
Macro Precision/Recall/F-score:  (0.0836158349501862, 0.1112431860799098, 0.09529297301407764, None)
Accuracy:  0.782537482676074
Confusion Metric: 
 [[3098  210    4  183    9   15   25]
 [ 235 1416   16   44    7    5   10]
 [  14   62  245    0    1    1    0]
 [ 458   54    0 1039   17    2    8]
 [ 141   82    1   65   23    1    3]
 [   9    0    1    1    0  193    3]
 [  21    3    0   11    0    4  197]]
Macro Precision/Recall/F-score:  (0.7604407352786797, 0.7068676787795124, 0.7148530585327334, None)

epoch 7/30
ex_result
Accuracy:  0.31057074461383394
Confusion Metric: 
 [[2297 1201   46    0    0    0    0]
 [1550  165   18    0    0    0    0]
 [ 313    7    3    0    0    0    0]
 [ 244 1325    9    0    0    0    0]
 [ 125  182    9    0    0    0    0]
 [   6   10  191    0    0    0    0]
 [   7   31  198    0    0    0    0]]
Macro Precision/Recall/F-score:  (0.08122013838711313, 0.10751946294856465, 0.0923682066020227, None)
Accuracy:  0.7836714123724329
Confusion Metric: 
 [[2992  224    3  277   18    4   26]
 [ 217 1439   16   37   11    5    8]
 [  18   57  246    0    1    1    0]
 [ 358   59    0 1145    9    1    6]
 [ 126   84    1   80   19    1    5]
 [  17    1    0    1    0  185    3]
 [  16    1    0   22    1    2  194]]
Macro Precision/Recall/F-score:  (0.7545583859704746, 0.7053840007776432, 0.7157081266534719, None)

epoch 8/30
ex_result
Accuracy:  0.3164923774725967
Confusion Metric: 
 [[2354 1128   62    0    0    0    0]
 [1557  156   20    0    0    0    0]
 [ 314    7    2    0    0    0    0]
 [ 258 1312    8    0    0    0    0]
 [ 131  179    6    0    0    0    0]
 [   7    8  192    0    0    0    0]
 [   8   30  198    0    0    0    0]]
Macro Precision/Recall/F-score:  (0.08113581001453388, 0.10863292577819597, 0.09278592822318898, None)
Accuracy:  0.7845533576918231
Confusion Metric: 
 [[3036  239    3  224   17    5   20]
 [ 201 1462   16   30   12    3    9]
 [  13   62  246    0    1    1    0]
 [ 424   60    0 1071   19    1    3]
 [ 132   87    1   61   32    1    2]
 [  15    0    1    1    0  184    6]
 [  25    1    0   14    0    0  196]]
Macro Precision/Recall/F-score:  (0.7727711825167345, 0.7087518905314513, 0.7263053962983498, None)

epoch 9/30
ex_result
Accuracy:  0.3265717525513418
Confusion Metric: 
 [[2427 1069   48    0    0    0    0]
 [1552  164   17    0    0    0    0]
 [ 316    6    1    0    0    0    0]
 [ 273 1299    6    0    0    0    0]
 [ 138  173    5    0    0    0    0]
 [   8   10  189    0    0    0    0]
 [  10   30  196    0    0    0    0]]
Macro Precision/Recall/F-score:  (0.08221981622270824, 0.11179271024373835, 0.09468278191757719, None)
Accuracy:  0.7859392717651505
Confusion Metric: 
 [[3072  201    4  204   30   12   21]
 [ 236 1424   17   30   14    6    6]
 [  13   51  257    0    1    1    0]
 [ 438   55    0 1051   25    1    8]
 [ 124   84    1   59   44    1    3]
 [  10    1    0    1    0  194    1]
 [  22    2    0   11    1    4  196]]
Macro Precision/Recall/F-score:  (0.766667050679216, 0.7224513245952695, 0.734746486858619, None)

epoch 10/30
ex_result
Accuracy:  0.3280836588131536
Confusion Metric: 
 [[2468 1019   57    0    0    0    0]
 [1578  134   21    0    0    0    0]
 [ 316    5    2    0    0    0    0]
 [ 295 1275    8    0    0    0    0]
 [ 144  167    5    0    0    0    0]
 [   8    7  192    0    0    0    0]
 [  11   28  197    0    0    0    0]]
Macro Precision/Recall/F-score:  (0.08100520893674026, 0.11141468204951026, 0.09378178712548726, None)
Accuracy:  0.7870732014615094
Confusion Metric: 
 [[3043  211    3  221   27   10   29]
 [ 221 1436   14   33   16    5    8]
 [  11   61  247    1    2    1    0]
 [ 412   48    1 1084   23    2    8]
 [ 127   84    1   60   41    1    2]
 [  10    0    1    1    0  190    5]
 [  20    2    0    6    0    2  206]]
Macro Precision/Recall/F-score:  (0.7631937414104674, 0.7227727386631437, 0.7324278270731528, None)

epoch 11/30
ex_result
Accuracy:  0.3237999244046869
Confusion Metric: 
 [[2393 1108   43    0    0    0    0]
 [1543  176   14    0    0    0    0]
 [ 317    5    1    0    0    0    0]
 [ 276 1294    8    0    0    0    0]
 [ 137  175    4    0    0    0    0]
 [   7   10  190    0    0    0    0]
 [  11   29  196    0    0    0    0]]
Macro Precision/Recall/F-score:  (0.08228652489863918, 0.11141138582686186, 0.09456341810175851, None)
Accuracy:  0.7863172483306035
Confusion Metric: 
 [[3055  197    7  228   31    6   20]
 [ 231 1400   30   47   16    3    6]
 [  12   39  268    1    2    1    0]
 [ 410   44    1 1096   22    1    4]
 [ 121   75    1   70   46    1    2]
 [  17    0    1    1    0  187    1]
 [  20    4    0   22    0    1  189]]
Macro Precision/Recall/F-score:  (0.7691279569846056, 0.7205625892902893, 0.7361284026361922, None)

epoch 12/30
ex_result
Accuracy:  0.3050270883205241
Confusion Metric: 
 [[2254 1237   53    0    0    0    0]
 [1551  166   16    0    0    0    0]
 [ 317    5    1    0    0    0    0]
 [ 252 1319    7    0    0    0    0]
 [ 129  183    4    0    0    0    0]
 [   7    8  192    0    0    0    0]
 [  13   23  200    0    0    0    0]]
Macro Precision/Recall/F-score:  (0.0795570514346025, 0.10498402019661733, 0.09033766898830221, None)
Accuracy:  0.7801436310948722
Confusion Metric: 
 [[2944  185    6  336   38    6   29]
 [ 221 1382   37   53   25    4   11]
 [  11   38  269    1    3    1    0]
 [ 352   39    1 1159   15    2   10]
 [ 111   69    1   82   47    1    5]
 [  17    0    1    1    0  187    1]
 [  21    1    0    9    0    1  204]]
Macro Precision/Recall/F-score:  (0.7492491613713214, 0.730282111294556, 0.7327619426733553, None)

epoch 13/30
ex_result
Accuracy:  0.3093108227289908
Confusion Metric: 
 [[2281 1210   53    0    0    0    0]
 [1546  171   16    0    0    0    0]
 [ 313    7    3    0    0    0    0]
 [ 258 1314    6    0    0    0    0]
 [ 125  187    4    0    0    0    0]
 [  11    9  187    0    0    0    0]
 [  15   26  195    0    0    0    0]]
Macro Precision/Recall/F-score:  (0.0809108478369223, 0.10736911031768204, 0.09210839225961143, None)
Accuracy:  0.7841753811263702
Confusion Metric: 
 [[2932  228    4  300   56    4   20]
 [ 176 1473    9   43   22    3    7]
 [   7   63  248    1    3    1    0]
 [ 358   49    1 1144   22    1    3]
 [ 106   75    1   77   54    1    2]
 [  22    1    0    1    0  181    2]
 [  22    2    0   18    0    2  192]]
Macro Precision/Recall/F-score:  (0.769249345686286, 0.7184138033150678, 0.7379451565548848, None)

epoch 14/30
ex_result
Accuracy:  0.3066649867708202
Confusion Metric: 
 [[2259 1243   42    0    0    0    0]
 [1546  173   14    0    0    0    0]
 [ 315    6    2    0    0    0    0]
 [ 253 1319    6    0    0    0    0]
 [ 129  184    3    0    0    0    0]
 [   7    9  191    0    0    0    0]
 [  17   26  193    0    0    0    0]]
Macro Precision/Recall/F-score:  (0.08028525045098664, 0.10620488430543241, 0.09124944099442907, None)
Accuracy:  0.7877031624039309
Confusion Metric: 
 [[2963  215    5  293   41    8   19]
 [ 200 1435   21   47   22    2    6]
 [  14   42  264    1    1    1    0]
 [ 350   48    1 1153   22    1    3]
 [ 118   76    1   68   49    1    3]
 [  10    1    0    1    0  193    2]
 [  19    3    0   16    1    2  195]]
Macro Precision/Recall/F-score:  (0.7675285663781645, 0.732259375383218, 0.7435999843752009, None)

epoch 15/30
ex_result
Accuracy:  0.3022552601738692
Confusion Metric: 
 [[2264 1220   60    0    0    0    0]
 [1582  133   18    0    0    0    0]
 [ 317    4    2    0    0    0    0]
 [ 300 1270    8    0    0    0    0]
 [ 120  193    3    0    0    0    0]
 [   6    8  193    0    0    0    0]
 [  16   20  200    0    0    0    0]]
Macro Precision/Recall/F-score:  (0.07749588455223153, 0.10310909479316109, 0.08838193629789994, None)
Accuracy:  0.7894670530427114
Confusion Metric: 
 [[3020  205    6  217   54    6   36]
 [ 193 1449   23   29   27    2   10]
 [  10   47  262    1    2    1    0]
 [ 403   60    1 1071   36    1    6]
 [ 110   81    1   49   71    1    3]
 [  16    1    0    1    0  185    4]
 [  20    2    0    4    1    1  208]]
Macro Precision/Recall/F-score:  (0.7643789397632815, 0.7396969741692125, 0.7478923919974961, None)

epoch 16/30
ex_result
Accuracy:  0.30981479148292806
Confusion Metric: 
 [[2322 1175   47    0    0    0    0]
 [1583  135   15    0    0    0    0]
 [ 318    3    2    0    0    0    0]
 [ 308 1262    8    0    0    0    0]
 [ 135  178    3    0    0    0    0]
 [   8    5  194    0    0    0    0]
 [  20   22  194    0    0    0    0]]
Macro Precision/Recall/F-score:  (0.07822212249829073, 0.10561191716138993, 0.089806469277247, None)
Accuracy:  0.7866952248960565
Confusion Metric: 
 [[3026  208    5  225   47    8   25]
 [ 206 1437   21   39   20    3    7]
 [   9   50  260    1    2    1    0]
 [ 423   41    1 1071   32    1    9]
 [ 115   82    1   59   56    1    2]
 [  10    1    0    1    0  193    2]
 [  24    2    0    6    1    2  201]]
Macro Precision/Recall/F-score:  (0.7634803855426905, 0.7325676334361372, 0.742762344855837, None)

epoch 17/30
ex_result
Accuracy:  0.33589517449918105
Confusion Metric: 
 [[2551  942   51    0    0    0    0]
 [1606  113   14    0    0    0    0]
 [ 317    4    2    0    0    0    0]
 [ 363 1208    7    0    0    0    0]
 [ 149  164    3    0    0    0    0]
 [   9    5  193    0    0    0    0]
 [  19   26  191    0    0    0    0]]
Macro Precision/Recall/F-score:  (0.07985878111214316, 0.11302927485160137, 0.09359186124992398, None)
Accuracy:  0.7866952248960565
Confusion Metric: 
 [[3152  190    6  152   18    6   20]
 [ 239 1421   41   13    8    2    9]
 [  12   35  272    1    2    1    0]
 [ 521   56    2  975   17    2    5]
 [ 150   81    2   40   40    1    2]
 [  13    1    0    1    0  191    1]
 [  25    4    0   12    0    2  193]]
Macro Precision/Recall/F-score:  (0.7801991227382413, 0.7194880121994541, 0.7330205565733982, None)

epoch 18/30
ex_result
Accuracy:  0.33123346352526145
Confusion Metric: 
 [[2487 1018   39    0    0    0    0]
 [1581  141   11    0    0    0    0]
 [ 318    4    1    0    0    0    0]
 [ 327 1246    5    0    0    0    0]
 [ 136  177    3    0    0    0    0]
 [   8    5  194    0    0    0    0]
 [  20   25  191    0    0    0    0]]
Macro Precision/Recall/F-score:  (0.08087085327403579, 0.11231531589204755, 0.09401660658861592, None)
Accuracy:  0.7861912561421192
Confusion Metric: 
 [[3056  177    3  234   47    9   18]
 [ 257 1394   17   40   20    3    2]
 [  16   47  256    1    2    1    0]
 [ 419   35    0 1092   28    1    3]
 [ 131   63    1   63   56    1    1]
 [  11    1    0    1    0  194    0]
 [  27    4    0   11    0    2  192]]
Macro Precision/Recall/F-score:  (0.7779979469930934, 0.7256064842743442, 0.7456397881914015, None)

epoch 19/30
ex_result
Accuracy:  0.3173743227919869
Confusion Metric: 
 [[2376 1115   53    0    0    0    0]
 [1576  141   16    0    0    0    0]
 [ 319    2    2    0    0    0    0]
 [ 303 1265   10    0    0    0    0]
 [ 125  187    4    0    0    0    0]
 [  10    4  193    0    0    0    0]
 [  17   22  197    0    0    0    0]]
Macro Precision/Recall/F-score:  (0.079785193517013, 0.10828323495940122, 0.09181727279828755, None)
Accuracy:  0.7885851077233211
Confusion Metric: 
 [[3011  213    5  234   39   11   31]
 [ 216 1438   25   26   19    2    7]
 [  14   42  263    1    2    1    0]
 [ 400   48    1 1093   27    1    8]
 [ 117   84    1   51   59    1    3]
 [  13    1    0    1    0  191    1]
 [  21    2    0    6    1    2  204]]
Macro Precision/Recall/F-score:  (0.7663832365154223, 0.7371558980068045, 0.7452199838920126, None)

epoch 20/30
ex_result
Accuracy:  0.32972155726344965
Confusion Metric: 
 [[2508  993   43    0    0    0    0]
 [1610  108   15    0    0    0    0]
 [ 320    2    1    0    0    0    0]
 [ 349 1222    7    0    0    0    0]
 [ 145  168    3    0    0    0    0]
 [   8    4  195    0    0    0    0]
 [  19   19  198    0    0    0    0]]
Macro Precision/Recall/F-score:  (0.07869098668866852, 0.11044151366567491, 0.09189895787572512, None)
Accuracy:  0.7869472092730251
Confusion Metric: 
 [[3021  242    6  197   40   11   27]
 [ 191 1469   23   25   16    2    7]
 [  11   44  264    1    2    1    0]
 [ 445   65    1 1033   24    2    8]
 [ 122   81    1   47   62    1    2]
 [  11    1    0    1    0  190    4]
 [  23    2    0    3    1    0  207]]
Macro Precision/Recall/F-score:  (0.7720063198557419, 0.7376069701191769, 0.7469085789341635, None)

epoch 21/30
ex_result
Accuracy:  0.32921758850951244
Confusion Metric: 
 [[2516  976   52    0    0    0    0]
 [1622   96   15    0    0    0    0]
 [ 319    3    1    0    0    0    0]
 [ 381 1192    5    0    0    0    0]
 [ 157  154    5    0    0    0    0]
 [   9    5  193    0    0    0    0]
 [  19   22  195    0    0    0    0]]
Macro Precision/Recall/F-score:  (0.07746535542544139, 0.10977478906610509, 0.09083243195834778, None)
Accuracy:  0.7837974045609172
Confusion Metric: 
 [[3112  177    5  199   20    8   23]
 [ 266 1394   34   21    9    2    7]
 [  15   36  268    1    2    1    0]
 [ 482   50    0 1015   22    1    8]
 [ 140   80    1   45   46    1    3]
 [  16    1    0    1    0  185    4]
 [  25    3    0    7    0    0  201]]
Macro Precision/Recall/F-score:  (0.7773675284945527, 0.7209163236579866, 0.7354678413101968, None)

epoch 22/30
ex_result
Accuracy:  0.3226659947083281
Confusion Metric: 
 [[2433 1054   57    0    0    0    0]
 [1591  126   16    0    0    0    0]
 [ 318    3    2    0    0    0    0]
 [ 338 1233    7    0    0    0    0]
 [ 140  171    5    0    0    0    0]
 [   8    5  194    0    0    0    0]
 [  18   22  196    0    0    0    0]]
Macro Precision/Recall/F-score:  (0.07920834556844335, 0.10934437935505344, 0.09184959665578415, None)
Accuracy:  0.7846793498803074
Confusion Metric: 
 [[3156  169    5  143   28   13   30]
 [ 260 1396   27   25   14    3    8]
 [  12   47  260    1    2    1    0]
 [ 535   46    1  960   25    3    8]
 [ 141   72    1   38   58    1    5]
 [  12    1    0    1    0  190    3]
 [  23    3    0    2    0    0  208]]
Macro Precision/Recall/F-score:  (0.7747863614333738, 0.7274502751014353, 0.7392317416369888, None)

epoch 23/30
ex_result
Accuracy:  0.32518583847801436
Confusion Metric: 
 [[2461 1030   53    0    0    0    0]
 [1599  116   18    0    0    0    0]
 [ 315    4    4    0    0    0    0]
 [ 359 1208   11    0    0    0    0]
 [ 148  163    5    0    0    0    0]
 [   9    4  194    0    0    0    0]
 [  20   19  197    0    0    0    0]]
Macro Precision/Recall/F-score:  (0.07928802490051519, 0.11053327752865524, 0.09233175171881451, None)
Accuracy:  0.7834194279954643
Confusion Metric: 
 [[3077  219    5  167   38    9   29]
 [ 215 1444   27   23   13    2    9]
 [  12   42  263    2    2    1    1]
 [ 504   59    1  977   30    1    6]
 [ 126   88    1   35   57    1    8]
 [  11    1    0    1    0  191    3]
 [  23    3    0    1    0    0  209]]
Macro Precision/Recall/F-score:  (0.7680911802382843, 0.7319318669673932, 0.7408106090071621, None)

epoch 24/30
ex_result
Accuracy:  0.3110747133677712
Confusion Metric: 
 [[2346 1154   44    0    0    0    0]
 [1594  122   17    0    0    0    0]
 [ 319    3    1    0    0    0    0]
 [ 340 1231    7    0    0    0    0]
 [ 146  167    3    0    0    0    0]
 [   8    6  193    0    0    0    0]
 [  21   25  190    0    0    0    0]]
Macro Precision/Recall/F-score:  (0.07695161640869529, 0.1050654301916806, 0.08879873970420579, None)
Accuracy:  0.7860652639536349
Confusion Metric: 
 [[3006  207    5  246   42   12   26]
 [ 215 1440   26   21   20    4    7]
 [  11   42  266    2    1    1    0]
 [ 418   56    2 1070   23    3    6]
 [ 121   80    1   55   56    1    2]
 [   8    1    0    1    0  194    3]
 [  21    3    0    4    0    1  207]]
Macro Precision/Recall/F-score:  (0.7638689049436423, 0.7388939971214104, 0.7445486968644454, None)

epoch 25/30
ex_result
Accuracy:  0.3192642056192516
Confusion Metric: 
 [[2416 1094   34    0    0    0    0]
 [1606  117   10    0    0    0    0]
 [ 318    4    1    0    0    0    0]
 [ 363 1211    4    0    0    0    0]
 [ 148  165    3    0    0    0    0]
 [  11    6  190    0    0    0    0]
 [  23   22  191    0    0    0    0]]
Macro Precision/Recall/F-score:  (0.07736546266255688, 0.10747493344556834, 0.08995326740423171, None)
Accuracy:  0.7861912561421192
Confusion Metric: 
 [[2989  239    5  230   52    7   22]
 [ 182 1477   20   21   28    1    4]
 [  10   47  262    1    2    1    0]
 [ 433   56    1 1047   36    1    4]
 [ 108   87    1   42   75    1    2]
 [  17    1    0    1    0  186    2]
 [  21    2    1    7    1    0  204]]
Macro Precision/Recall/F-score:  (0.7765903275588082, 0.7386599231171427, 0.7536340475323359, None)

epoch 26/30
ex_result
Accuracy:  0.3290915963210281
Confusion Metric: 
 [[2506 1001   37    0    0    0    0]
 [1615  104   14    0    0    0    0]
 [ 318    3    2    0    0    0    0]
 [ 380 1193    5    0    0    0    0]
 [ 163  150    3    0    0    0    0]
 [   8    4  195    0    0    0    0]
 [  19   24  193    0    0    0    0]]
Macro Precision/Recall/F-score:  (0.0781008863022884, 0.11047344294658701, 0.09150818313618507, None)
Accuracy:  0.7841753811263702
Confusion Metric: 
 [[3112  214    4  153   34    6   21]
 [ 227 1440   25   16   13    4    8]
 [  10   42  267    2    1    1    0]
 [ 512   75    3  957   25    1    5]
 [ 129   93    1   31   59    1    2]
 [  19    1    0    1    0  184    2]
 [  24    3    1    1    0    2  205]]
Macro Precision/Recall/F-score:  (0.7812941100634271, 0.726623420721877, 0.7430746042239781, None)

epoch 27/30
ex_result
Accuracy:  0.31863424467683005
Confusion Metric: 
 [[2416 1089   39    0    0    0    0]
 [1608  109   16    0    0    0    0]
 [ 317    2    4    0    0    0    0]
 [ 372 1201    5    0    0    0    0]
 [ 144  169    3    0    0    0    0]
 [   8    6  193    0    0    0    0]
 [  20   23  193    0    0    0    0]]
Macro Precision/Recall/F-score:  (0.07790635139419129, 0.10814231249364335, 0.09055592022052157, None)
Accuracy:  0.7837974045609172
Confusion Metric: 
 [[3101  161    5  222   34    3   18]
 [ 269 1381   37   23   14    2    7]
 [  16   33  271    1    1    1    0]
 [ 461   53    1 1035   25    1    2]
 [ 138   80    1   41   54    1    1]
 [  19    1    0    1    0  182    4]
 [  23    2    1   12    0    1  197]]
Macro Precision/Recall/F-score:  (0.7778678438014615, 0.7216636760008074, 0.7407269659855625, None)

epoch 28/30
ex_result
Accuracy:  0.3409348620385536
Confusion Metric: 
 [[2612  896   36    0    0    0    0]
 [1629   92   12    0    0    0    0]
 [ 319    2    2    0    0    0    0]
 [ 440 1133    5    0    0    0    0]
 [ 162  151    3    0    0    0    0]
 [   9    5  193    0    0    0    0]
 [  22   25  189    0    0    0    0]]
Macro Precision/Recall/F-score:  (0.0782086853306524, 0.11375705694746865, 0.09267682412515228, None)
Accuracy:  0.7861912561421192
Confusion Metric: 
 [[3130  182    5  156   43    7   21]
 [ 238 1422   29   13   18    5    8]
 [  14   40  266    1    1    1    0]
 [ 514   58    3  969   28    2    4]
 [ 132   85    1   31   64    1    2]
 [  13    1    0    1    0  188    4]
 [  25    3    0    7    0    0  201]]
Macro Precision/Recall/F-score:  (0.7765716950053723, 0.7291088900408251, 0.744719609827472, None)

epoch 29/30
ex_result
Accuracy:  0.34824240897064385
Confusion Metric: 
 [[2686  827   31    0    0    0    0]
 [1646   76   11    0    0    0    0]
 [ 319    2    2    0    0    0    0]
 [ 475 1099    4    0    0    0    0]
 [ 173  140    3    0    0    0    0]
 [  11    4  192    0    0    0    0]
 [  25   24  187    0    0    0    0]]
Macro Precision/Recall/F-score:  (0.07758708872026161, 0.11542103072656529, 0.09275137557211866, None)
Accuracy:  0.7805216076603251
Confusion Metric: 
 [[3129  231    7  123   35    5   14]
 [ 199 1476   27   12   15    1    3]
 [  10   44  267    1    0    1    0]
 [ 555   94    3  880   43    1    2]
 [ 121  101    1   24   67    1    1]
 [  19    2    0    1    0  182    3]
 [  34    3    0    5    0    0  194]]
Macro Precision/Recall/F-score:  (0.786892443166469, 0.71888321666075, 0.7424545289098434, None)

best_epoch:  25 0.7536340475323359 0.7861912561421192


valid f1:  0.7585711841811916 [0.7644598119354757, 0.7576196930757633, 0.7536340475323359]
valid acc: 0.7903070009659401 [0.7966486077863173, 0.7880811389693839, 0.7861912561421192]
