['/home/lizhuoqun/SE_type_code', '/home/lizhuoqun/anconda/envs/py38/lib/python38.zip', '/home/lizhuoqun/anconda/envs/py38/lib/python3.8', '/home/lizhuoqun/anconda/envs/py38/lib/python3.8/lib-dynload', '/home/lizhuoqun/anconda/envs/py38/lib/python3.8/site-packages', '/home/lizhuoqun/SE_type_code/data', '/home/lizhuoqun/SE_type_code/tools', '/home/lizhuoqun/SE_type_code/models', '/home/lizhuoqun/SE_type_code/pre_train']
sentence level BiLSTM
Namespace(BATCH_SIZE=128, DROPOUT=0.5, EPOCHs=30, EX_LOSS=0, FREEZE=0, IF_USE_EX_INITIAL_1=1, IF_USE_EX_INITIAL_2=0, LEARN_RATE=0.001)


time= 1230
use 343 from author
Loading Data...
len(test_X):  981
len(train_X):  3803
paragraph level BiLSTM label embedding 3 class

epoch 0/30
ex_result
Accuracy:  0.3652513544160262
Confusion Metric: 
 [[2802  678   64    0    0    0    0]
 [1619   95   19    0    0    0    0]
 [ 318    3    2    0    0    0    0]
 [ 389 1173   16    0    0    0    0]
 [ 169  137   10    0    0    0    0]
 [  12    1  194    0    0    0    0]
 [  15   21  200    0    0    0    0]]
Macro Precision/Recall/F-score:  (0.08218897539048546, 0.12166317698804152, 0.09803317857962233, None)
Accuracy:  0.7084540758472975
Confusion Metric: 
 [[3103  237   23  142    0   12   27]
 [ 573 1079   61    9    0    4    7]
 [  46   58  218    0    0    1    0]
 [ 652   55    0  862    0    2    7]
 [ 211   54    2   45    0    1    3]
 [  14    0    1    1    0  184    7]
 [  31    4    2   21    0    1  177]]
Macro Precision/Recall/F-score:  (0.6539912964835866, 0.6226080925922182, 0.632318475033255, None)

epoch 1/30
ex_result
Accuracy:  0.3374070807609928
Confusion Metric: 
 [[2490 1001   53    0    0    0    0]
 [1530  187   16    0    0    0    0]
 [ 318    4    1    0    0    0    0]
 [ 261 1305   12    0    0    0    0]
 [ 125  181   10    0    0    0    0]
 [  11    3  193    0    0    0    0]
 [  12   26  198    0    0    0    0]]
Macro Precision/Recall/F-score:  (0.08509891025714518, 0.1162281826347713, 0.09819527606576137, None)
Accuracy:  0.7427239511150309
Confusion Metric: 
 [[2781  307   10  414    0   12   20]
 [ 329 1300   34   57    0    4    9]
 [  27   46  249    0    0    1    0]
 [ 310   49    0 1212    0    2    5]
 [ 130   72    1  111    0    1    1]
 [  12    0    1    1    0  190    3]
 [  24    4    1   41    0    3  163]]
Macro Precision/Recall/F-score:  (0.6721700067479706, 0.6689088337632638, 0.6689956216541224, None)

epoch 2/30
ex_result
Accuracy:  0.3197681743731889
Confusion Metric: 
 [[2243 1228   73    0    0    0    0]
 [1416  292   25    0    0    0    0]
 [ 312    8    3    0    0    0    0]
 [ 190 1377   11    0    0    0    0]
 [ 101  200   15    0    0    0    0]
 [   8    5  194    0    0    0    0]
 [   7   30  199    0    0    0    0]]
Macro Precision/Recall/F-score:  (0.08902798216245644, 0.11581179200571783, 0.10007791671069977, None)
Accuracy:  0.7136197555751543
Confusion Metric: 
 [[2305  286    6  907    1   14   25]
 [ 213 1334   27  147    0    4    8]
 [  18   47  251    6    0    1    0]
 [ 121   39    0 1413    0    2    3]
 [  86   64    1  158    2    1    4]
 [   7    0    1    1    0  193    5]
 [  12    3    0   54    0    1  166]]
Macro Precision/Recall/F-score:  (0.762505104764149, 0.6763959413902455, 0.6638413028034462, None)

epoch 3/30
ex_result
Accuracy:  0.3113266977447398
Confusion Metric: 
 [[2162 1309   73    0    0    0    0]
 [1401  306   26    0    0    0    0]
 [ 311    9    3    0    0    0    0]
 [ 185 1384    9    0    0    0    0]
 [  93  208   15    0    0    0    0]
 [   7    5  195    0    0    0    0]
 [   7   33  196    0    0    0    0]]
Macro Precision/Recall/F-score:  (0.08840054985158848, 0.11370078431372932, 0.0986702882164211, None)
Accuracy:  0.7109739196169838
Confusion Metric: 
 [[2207  251    5 1039    4   16   22]
 [ 174 1361   24  160    1    3   10]
 [  18   46  252    6    0    1    0]
 [  96   26    0 1451    0    2    3]
 [  69   62    1  172    7    2    3]
 [   6    0    1    1    0  197    2]
 [  10    3    0   53    0    2  168]]
Macro Precision/Recall/F-score:  (0.7574211705602358, 0.6847853231272509, 0.6715114201081404, None)

epoch 4/30
ex_result
Accuracy:  0.33954894796522617
Confusion Metric: 
 [[2429 1050   65    0    0    0    0]
 [1449  265   19    0    0    0    0]
 [ 315    7    1    0    0    0    0]
 [ 244 1324   10    0    0    0    0]
 [ 111  192   13    0    0    0    0]
 [   8    4  195    0    0    0    0]
 [  10   28  198    0    0    0    0]]
Macro Precision/Recall/F-score:  (0.08947228194703018, 0.12019910633397449, 0.10236900663840666, None)
Accuracy:  0.7745999748015623
Confusion Metric: 
 [[2836  227    4  428   15   11   23]
 [ 240 1381   26   70    7    3    6]
 [  24   39  258    0    1    1    0]
 [ 247   34    0 1287    7    2    1]
 [ 122   68    1   96   27    1    1]
 [  13    0    1    1    0  189    3]
 [  24    3    0   39    0    0  170]]
Macro Precision/Recall/F-score:  (0.7681172563637305, 0.7043266017995647, 0.7150031302655355, None)

epoch 5/30
ex_result
Accuracy:  0.345092604258536
Confusion Metric: 
 [[2483  976   85    0    0    0    0]
 [1454  254   25    0    0    0    0]
 [ 313    8    2    0    0    0    0]
 [ 264 1301   13    0    0    0    0]
 [ 109  192   15    0    0    0    0]
 [  10    0  197    0    0    0    0]
 [   8   22  206    0    0    0    0]]
Macro Precision/Recall/F-score:  (0.09013717609831128, 0.12191133791299305, 0.10351139164480362, None)
Accuracy:  0.7711981857124858
Confusion Metric: 
 [[2739  205    4  526   23   12   35]
 [ 226 1376   21   83   15    3    9]
 [  23   39  258    1    1    1    0]
 [ 212   29    0 1322   10    2    3]
 [ 103   59    1  105   42    1    5]
 [   8    0    1    1    0  193    4]
 [  17    2    0   26    0    0  191]]
Macro Precision/Recall/F-score:  (0.7598081993736647, 0.7254265558055026, 0.7270898935943552, None)

epoch 6/30
ex_result
Accuracy:  0.3496283230439713
Confusion Metric: 
 [[2546  912   86    0    0    0    0]
 [1484  227   22    0    0    0    0]
 [ 314    7    2    0    0    0    0]
 [ 290 1278   10    0    0    0    0]
 [ 118  182   16    0    0    0    0]
 [   9    2  196    0    0    0    0]
 [   8   25  203    0    0    0    0]]
Macro Precision/Recall/F-score:  (0.08911661490421703, 0.12222513855396419, 0.10302599004591187, None)
Accuracy:  0.7796396623409348
Confusion Metric: 
 [[2772  267    3  439   22   12   29]
 [ 173 1464   22   56    8    3    7]
 [  19   43  258    1    1    1    0]
 [ 235   46    0 1283   11    2    1]
 [  95   76    1   97   43    1    3]
 [   8    0    1    1    0  194    3]
 [  17    4    0   41    0    0  174]]
Macro Precision/Recall/F-score:  (0.7712043648424892, 0.7213318780926612, 0.72898666912062, None)

epoch 7/30
ex_result
Accuracy:  0.33387929948343203
Confusion Metric: 
 [[2344 1106   94    0    0    0    0]
 [1404  304   25    0    0    0    0]
 [ 310   11    2    0    0    0    0]
 [ 216 1349   13    0    0    0    0]
 [  96  203   17    0    0    0    0]
 [   8    1  198    0    0    0    0]
 [   8   25  203    0    0    0    0]]
Macro Precision/Recall/F-score:  (0.09134543362258932, 0.1204299783828227, 0.10346158399338008, None)
Accuracy:  0.7512914199319642
Confusion Metric: 
 [[2557  183    2  739   22   12   29]
 [ 190 1333   20  159   19    5    7]
 [  20   38  258    4    2    1    0]
 [ 149   21    0 1397    7    2    2]
 [  88   54    1  125   43    1    4]
 [   7    0    1    1    0  196    2]
 [  15    2    0   40    0    0  179]]
Macro Precision/Recall/F-score:  (0.7588871139940633, 0.7165939135665198, 0.7185161071671965, None)

epoch 8/30
ex_result
Accuracy:  0.34584855738944187
Confusion Metric: 
 [[2475 1000   69    0    0    0    0]
 [1442  269   22    0    0    0    0]
 [ 314    8    1    0    0    0    0]
 [ 260 1309    9    0    0    0    0]
 [ 105  198   13    0    0    0    0]
 [  10    0  197    0    0    0    0]
 [   8   26  202    0    0    0    0]]
Macro Precision/Recall/F-score:  (0.09058425405461754, 0.12238308064153829, 0.10394037967642968, None)
Accuracy:  0.7706942169585486
Confusion Metric: 
 [[2756  170    3  543   37   11   24]
 [ 230 1339   25  104   25    3    7]
 [  20   39  259    2    2    1    0]
 [ 203   25    0 1334   13    2    1]
 [ 108   47    1   99   58    1    2]
 [   9    0    1    1    0  193    3]
 [  21    2    0   35    0    0  178]]
Macro Precision/Recall/F-score:  (0.76388711406768, 0.7239544534716932, 0.733767200083822, None)

epoch 9/30
ex_result
Accuracy:  0.36197555751543403
Confusion Metric: 
 [[2645  831   68    0    0    0    0]
 [1487  227   19    0    0    0    0]
 [ 316    6    1    0    0    0    0]
 [ 317 1250   11    0    0    0    0]
 [ 113  190   13    0    0    0    0]
 [  10    0  197    0    0    0    0]
 [  10   29  197    0    0    0    0]]
Macro Precision/Recall/F-score:  (0.09022995323683501, 0.125773504555943, 0.10506631210958851, None)
Accuracy:  0.7762378732518583
Confusion Metric: 
 [[2756  190    2  533   28   11   24]
 [ 197 1400   20   95   12    3    6]
 [  22   39  257    2    2    1    0]
 [ 205   34    0 1324   12    2    1]
 [ 100   56    1  104   51    1    3]
 [   9    0    1    1    0  193    3]
 [  18    3    0   35    0    0  180]]
Macro Precision/Recall/F-score:  (0.7747378054003905, 0.7252391203578987, 0.7353610406101877, None)

epoch 10/30
ex_result
Accuracy:  0.3725589013481164
Confusion Metric: 
 [[2793  683   68    0    0    0    0]
 [1550  163   20    0    0    0    0]
 [ 316    6    1    0    0    0    0]
 [ 405 1163   10    0    0    0    0]
 [ 128  175   13    0    0    0    0]
 [  10    0  197    0    0    0    0]
 [  12   24  200    0    0    0    0]]
Macro Precision/Recall/F-score:  (0.08732288957212242, 0.12646358219409667, 0.10325929639881615, None)
Accuracy:  0.7888370921002897
Confusion Metric: 
 [[3036  241    3  197   38   11   18]
 [ 188 1473   25   22   18    3    4]
 [  16   44  259    1    2    1    0]
 [ 432   64    0 1050   29    1    2]
 [ 117   69    1   52   75    1    1]
 [  13    0    1    0    0  191    2]
 [  35    4    0   19    1    0  177]]
Macro Precision/Recall/F-score:  (0.7848260556158362, 0.7262763144792207, 0.7483828385619287, None)

epoch 11/30
ex_result
Accuracy:  0.3644954012851203
Confusion Metric: 
 [[2680  798   66    0    0    0    0]
 [1500  211   22    0    0    0    0]
 [ 314    7    2    0    0    0    0]
 [ 340 1227   11    0    0    0    0]
 [ 120  183   13    0    0    0    0]
 [  10    0  197    0    0    0    0]
 [   9   24  203    0    0    0    0]]
Macro Precision/Recall/F-score:  (0.08984623059745597, 0.12630768698639844, 0.10499901161354631, None)
Accuracy:  0.7936247952626937
Confusion Metric: 
 [[2987  194    1  300   27    9   26]
 [ 212 1418   21   51   21    3    7]
 [  18   48  254    1    1    1    0]
 [ 317   38    0 1200   20    2    1]
 [ 119   67    1   72   54    1    2]
 [  12    0    1    0    0  192    2]
 [  21    3    0   18    0    0  194]]
Macro Precision/Recall/F-score:  (0.7793132984828206, 0.7326224888305685, 0.746758268762745, None)

epoch 12/30
ex_result
Accuracy:  0.3607156356305909
Confusion Metric: 
 [[2640  831   73    0    0    0    0]
 [1492  221   20    0    0    0    0]
 [ 314    7    2    0    0    0    0]
 [ 342 1226   10    0    0    0    0]
 [ 116  188   12    0    0    0    0]
 [  10    0  197    0    0    0    0]
 [   8   25  203    0    0    0    0]]
Macro Precision/Recall/F-score:  (0.0898152255611986, 0.12551963823418572, 0.10470001272030256, None)
Accuracy:  0.791356935869976
Confusion Metric: 
 [[2896  214    1  367   29    9   28]
 [ 196 1442   20   48   16    3    8]
 [  18   43  259    1    1    1    0]
 [ 279   41    0 1240   16    1    1]
 [ 107   61    1   87   57    1    2]
 [  11    0    1    0    0  192    3]
 [  21    3    0   17    0    0  195]]
Macro Precision/Recall/F-score:  (0.7817848998630393, 0.7387269165189602, 0.7496675006078978, None)

epoch 13/30
ex_result
Accuracy:  0.3648733778505733
Confusion Metric: 
 [[2660  807   77    0    0    0    0]
 [1480  232   21    0    0    0    0]
 [ 313    6    4    0    0    0    0]
 [ 339 1230    9    0    0    0    0]
 [ 121  183   12    0    0    0    0]
 [  10    0  197    0    0    0    0]
 [  10   30  196    0    0    0    0]]
Macro Precision/Recall/F-score:  (0.0914607356802661, 0.1281171619223685, 0.10672031865245249, None)
Accuracy:  0.7893410608542271
Confusion Metric: 
 [[2828  247    2  398   33   12   24]
 [ 160 1475   22   52   18    3    3]
 [  18   43  259    1    1    1    0]
 [ 251   40    0 1266   18    2    1]
 [ 101   72    1   78   61    1    2]
 [  10    0    1    1    0  193    2]
 [  22    3    0   26    2    0  183]]
Macro Precision/Recall/F-score:  (0.7775131838532694, 0.7362944886993048, 0.7476217511270329, None)

epoch 14/30
ex_result
Accuracy:  0.3646213934736046
Confusion Metric: 
 [[2652  809   83    0    0    0    0]
 [1472  239   22    0    0    0    0]
 [ 313    7    3    0    0    0    0]
 [ 338 1229   11    0    0    0    0]
 [ 113  187   16    0    0    0    0]
 [   9    0  198    0    0    0    0]
 [   9   23  204    0    0    0    0]]
Macro Precision/Recall/F-score:  (0.09171130865664867, 0.12792943717090383, 0.10682165947783985, None)
Accuracy:  0.7914829280584603
Confusion Metric: 
 [[2863  198    1  413   34    9   26]
 [ 188 1424   28   61   22    3    7]
 [  17   36  267    1    1    1    0]
 [ 246   32    0 1275   22    3    0]
 [ 104   62    1   80   64    1    4]
 [  11    1    0    0    0  193    2]
 [  22    3    0   15    0    0  196]]
Macro Precision/Recall/F-score:  (0.7758911392267889, 0.7470797388086322, 0.7539876657417776, None)

epoch 15/30
ex_result
Accuracy:  0.3730628701020537
Confusion Metric: 
 [[2763  701   80    0    0    0    0]
 [1515  195   23    0    0    0    0]
 [ 314    6    3    0    0    0    0]
 [ 399 1167   12    0    0    0    0]
 [ 125  175   16    0    0    0    0]
 [  10    0  197    0    0    0    0]
 [  11   21  204    0    0    0    0]]
Macro Precision/Recall/F-score:  (0.08993753679530384, 0.12877672913952404, 0.10587205562495304, None)
Accuracy:  0.7932468186972408
Confusion Metric: 
 [[2898  277    2  298   30   10   29]
 [ 161 1502   21   30   11    3    5]
 [  17   49  254    0    2    1    0]
 [ 310   57    0 1185   21    1    4]
 [ 109   79    1   62   62    1    2]
 [  11    1    0    0    0  193    2]
 [  19    3    0   12    0    0  202]]
Macro Precision/Recall/F-score:  (0.7841538997844474, 0.7437507700015489, 0.753679687201087, None)

epoch 16/30
ex_result
Accuracy:  0.3696610810129772
Confusion Metric: 
 [[2700  762   82    0    0    0    0]
 [1480  232   21    0    0    0    0]
 [ 313    8    2    0    0    0    0]
 [ 355 1209   14    0    0    0    0]
 [ 115  187   14    0    0    0    0]
 [  10    0  197    0    0    0    0]
 [  11   23  202    0    0    0    0]]
Macro Precision/Recall/F-score:  (0.09161730228933973, 0.12884498067253697, 0.10708374063075564, None)
Accuracy:  0.7911049514930074
Confusion Metric: 
 [[2884  184    1  388   49   11   27]
 [ 181 1422   21   67   33    3    6]
 [  19   40  260    1    2    1    0]
 [ 275   30    0 1240   26    3    4]
 [ 106   56    1   72   77    1    3]
 [   9    1    0    1    0  193    3]
 [  18    3    0   12    0    0  203]]
Macro Precision/Recall/F-score:  (0.7724747810681826, 0.7516111525213889, 0.7579636113889618, None)

epoch 17/30
ex_result
Accuracy:  0.36197555751543403
Confusion Metric: 
 [[2675  803   66    0    0    0    0]
 [1518  196   19    0    0    0    0]
 [ 314    7    2    0    0    0    0]
 [ 379 1190    9    0    0    0    0]
 [ 115  190   11    0    0    0    0]
 [  10    1  196    0    0    0    0]
 [  12   29  195    0    0    0    0]]
Macro Precision/Recall/F-score:  (0.08824173726218354, 0.12486963757360177, 0.10340600348606917, None)
Accuracy:  0.7911049514930074
Confusion Metric: 
 [[2876  173    2  429   33    9   22]
 [ 209 1419   24   52   22    3    4]
 [  19   39  260    2    2    1    0]
 [ 265   31    0 1265   14    3    0]
 [ 108   54    1   82   68    1    2]
 [   8    1    0    0    0  196    2]
 [  22    2    0   16    1    0  195]]
Macro Precision/Recall/F-score:  (0.7870445138819804, 0.7464637005840787, 0.7581185325317038, None)

epoch 18/30
ex_result
Accuracy:  0.3725589013481164
Confusion Metric: 
 [[2779  683   82    0    0    0    0]
 [1534  176   23    0    0    0    0]
 [ 315    6    2    0    0    0    0]
 [ 415 1151   12    0    0    0    0]
 [ 130  175   11    0    0    0    0]
 [  10    1  196    0    0    0    0]
 [  11   26  199    0    0    0    0]]
Macro Precision/Recall/F-score:  (0.08831438879037672, 0.12741316493936225, 0.10426866830992394, None)
Accuracy:  0.7974045609172231
Confusion Metric: 
 [[2905  269    1  305   35   10   19]
 [ 151 1512   18   32   13    3    4]
 [  14   51  254    2    1    1    0]
 [ 296   59    0 1197   21    3    2]
 [ 115   69    1   60   68    1    2]
 [   7    1    0    0    0  197    2]
 [  23    3    0   13    1    0  196]]
Macro Precision/Recall/F-score:  (0.7921147834165845, 0.7477846781364248, 0.7609233737269596, None)

epoch 19/30
ex_result
Accuracy:  0.3696610810129772
Confusion Metric: 
 [[2710  760   74    0    0    0    0]
 [1491  219   23    0    0    0    0]
 [ 313    5    5    0    0    0    0]
 [ 356 1210   12    0    0    0    0]
 [ 117  187   12    0    0    0    0]
 [   9    0  198    0    0    0    0]
 [  11   25  200    0    0    0    0]]
Macro Precision/Recall/F-score:  (0.09168666992256144, 0.12950328832116206, 0.10735329039657168, None)
Accuracy:  0.7984124984250976
Confusion Metric: 
 [[2944  212    1  324   28   10   25]
 [ 169 1466   23   49   17    3    6]
 [  17   43  262    0    0    1    0]
 [ 314   30    0 1204   20    3    7]
 [ 122   63    1   62   64    1    3]
 [  10    1    0    0    0  194    2]
 [  17    3    0   13    0    0  203]]
Macro Precision/Recall/F-score:  (0.7862684007537879, 0.7500953611175717, 0.7587407219152474, None)

epoch 20/30
ex_result
Accuracy:  0.36361345596573014
Confusion Metric: 
 [[2677  744  123    0    0    0    0]
 [1498  201   34    0    0    0    0]
 [ 308    7    8    0    0    0    0]
 [ 391 1163   24    0    0    0    0]
 [ 112  184   20    0    0    0    0]
 [   7    0  200    0    0    0    0]
 [   9   18  209    0    0    0    0]]
Macro Precision/Recall/F-score:  (0.09069728819238035, 0.12801611695988904, 0.1061077676291859, None)
Accuracy:  0.7926168577548192
Confusion Metric: 
 [[2860  194    1  418   36    9   26]
 [ 192 1428   32   46   24    3    8]
 [  15   34  268    2    2    1    1]
 [ 255   29    0 1271   16    4    3]
 [ 106   52    1   81   72    1    3]
 [  12    1    0    0    0  192    2]
 [  16    3    0   16    1    0  200]]
Macro Precision/Recall/F-score:  (0.7774792391101084, 0.752716516866041, 0.7580221541839534, None)

epoch 21/30
ex_result
Accuracy:  0.37659065137961445
Confusion Metric: 
 [[2830  652   62    0    0    0    0]
 [1557  157   19    0    0    0    0]
 [ 315    6    2    0    0    0    0]
 [ 435 1133   10    0    0    0    0]
 [ 134  169   13    0    0    0    0]
 [  11    0  196    0    0    0    0]
 [  13   24  199    0    0    0    0]]
Macro Precision/Recall/F-score:  (0.087398387614415, 0.12790271812967577, 0.10375021060768627, None)
Accuracy:  0.7918609046239133
Confusion Metric: 
 [[2902  252    3  342    8   10   27]
 [ 160 1505   25   33    2    2    6]
 [  11   41  269    1    0    1    0]
 [ 322   55    1 1186    7    2    5]
 [ 121   85    2   78   25    1    4]
 [   9    1    0    0    0  194    3]
 [  19    3    0   10    0    0  204]]
Macro Precision/Recall/F-score:  (0.7925146121068537, 0.7360579127017877, 0.7353768079922478, None)

epoch 22/30
ex_result
Accuracy:  0.3641174247196674
Confusion Metric: 
 [[2651  805   88    0    0    0    0]
 [1476  233   24    0    0    0    0]
 [ 309    8    6    0    0    0    0]
 [ 356 1208   14    0    0    0    0]
 [ 118  182   16    0    0    0    0]
 [   9    1  197    0    0    0    0]
 [   8   23  205    0    0    0    0]]
Macro Precision/Recall/F-score:  (0.09195430714254318, 0.12872137351142568, 0.10725477780357692, None)
Accuracy:  0.7914829280584603
Confusion Metric: 
 [[2814  205    1  457   28   10   29]
 [ 168 1458   24   54   19    4    6]
 [  14   42  261    3    2    0    1]
 [ 230   31    0 1289   18    4    6]
 [ 108   64    0   79   62    1    2]
 [  11    1    0    0    0  192    3]
 [  16    4    0   10    0    0  206]]
Macro Precision/Recall/F-score:  (0.7776694449658449, 0.7509800188734312, 0.7541694439936063, None)

epoch 23/30
ex_result
Accuracy:  0.3724329091596321
Confusion Metric: 
 [[2763  707   74    0    0    0    0]
 [1523  188   22    0    0    0    0]
 [ 312    6    5    0    0    0    0]
 [ 432 1135   11    0    0    0    0]
 [ 122  178   16    0    0    0    0]
 [  10    1  196    0    0    0    0]
 [  12   22  202    0    0    0    0]]
Macro Precision/Recall/F-score:  (0.08965186642171863, 0.129084259446572, 0.10576426682280006, None)
Accuracy:  0.7989164671790349
Confusion Metric: 
 [[2900  288    3  275   43    8   27]
 [ 134 1528   21   24   19    3    4]
 [   9   48  261    2    2    1    0]
 [ 309   60    0 1173   31    2    3]
 [  98   75    0   56   83    1    3]
 [  10    1    0    0    0  193    3]
 [  19    4    1    8    1    0  203]]
Macro Precision/Recall/F-score:  (0.785468120659913, 0.7580832653561023, 0.7666757880724256, None)

epoch 24/30
ex_result
Accuracy:  0.36940909663600857
Confusion Metric: 
 [[2711  763   70    0    0    0    0]
 [1495  216   22    0    0    0    0]
 [ 310    8    5    0    0    0    0]
 [ 391 1177   10    0    0    0    0]
 [ 117  187   12    0    0    0    0]
 [   9    2  196    0    0    0    0]
 [  11   31  194    0    0    0    0]]
Macro Precision/Recall/F-score:  (0.09112821017912884, 0.129296297593714, 0.10689943855442999, None)
Accuracy:  0.7899710217966486
Confusion Metric: 
 [[2745  299    4  419   51    8   18]
 [ 112 1519   29   46   20    3    4]
 [   8   39  272    3    0    1    0]
 [ 244   48    0 1261   21    3    1]
 [  83   69    1   74   84    1    4]
 [   7    1    0    0    0  196    3]
 [  17    4    0   19    3    0  193]]
Macro Precision/Recall/F-score:  (0.7801946474995278, 0.7603943728046602, 0.7647285538067019, None)

epoch 25/30
ex_result
Accuracy:  0.368779135693587
Confusion Metric: 
 [[2700  754   90    0    0    0    0]
 [1487  223   23    0    0    0    0]
 [ 313    6    4    0    0    0    0]
 [ 379 1188   11    0    0    0    0]
 [ 115  183   18    0    0    0    0]
 [   9    1  197    0    0    0    0]
 [  11   25  200    0    0    0    0]]
Macro Precision/Recall/F-score:  (0.09136516903931706, 0.12898764410958247, 0.10695186975005326, None)
Accuracy:  0.7926168577548192
Confusion Metric: 
 [[2831  243    5  364   59   10   32]
 [ 150 1478   26   41   28    4    6]
 [  12   41  263    2    2    2    1]
 [ 258   45    0 1234   32    3    6]
 [  97   62    1   63   87    1    5]
 [   7    1    0    0    0  195    4]
 [  17    4    0   11    1    0  203]]
Macro Precision/Recall/F-score:  (0.7646336139873718, 0.7607757386562696, 0.7597041112033401, None)

epoch 26/30
ex_result
Accuracy:  0.3725589013481164
Confusion Metric: 
 [[2761  721   62    0    0    0    0]
 [1522  191   20    0    0    0    0]
 [ 312    6    5    0    0    0    0]
 [ 440 1129    9    0    0    0    0]
 [ 119  185   12    0    0    0    0]
 [   8    2  197    0    0    0    0]
 [   9   28  199    0    0    0    0]]
Macro Precision/Recall/F-score:  (0.0897569230874382, 0.12925094059646444, 0.1059045168427912, None)
Accuracy:  0.7947587249590525
Confusion Metric: 
 [[2941  219    3  302   57    6   16]
 [ 185 1449   37   27   29    3    3]
 [  11   33  275    2    1    1    0]
 [ 331   46    0 1174   24    2    1]
 [ 105   58    1   63   86    1    2]
 [  13    1    0    0    0  191    2]
 [  22    2    1   17    2    0  192]]
Macro Precision/Recall/F-score:  (0.7831567408926785, 0.7528235784504999, 0.765075270381965, None)

epoch 27/30
ex_result
Accuracy:  0.37369283104447526
Confusion Metric: 
 [[2752  731   61    0    0    0    0]
 [1502  212   19    0    0    0    0]
 [ 316    5    2    0    0    0    0]
 [ 402 1168    8    0    0    0    0]
 [ 117  187   12    0    0    0    0]
 [  10    1  196    0    0    0    0]
 [  14   26  196    0    0    0    0]]
Macro Precision/Recall/F-score:  (0.09046736811601448, 0.12929241000540484, 0.10643405954508398, None)
Accuracy:  0.7923648733778506
Confusion Metric: 
 [[2864  248    2  344   57    5   24]
 [ 157 1482   28   33   28    2    3]
 [  11   43  265    2    1    1    0]
 [ 285   55    0 1207   27    2    2]
 [ 101   57    0   67   88    1    2]
 [  16    1    0    0    0  187    3]
 [  19    2    0   17    2    0  196]]
Macro Precision/Recall/F-score:  (0.7807938266944898, 0.7515696715016679, 0.7631141333998332, None)

epoch 28/30
ex_result
Accuracy:  0.3726848935366007
Confusion Metric: 
 [[2748  722   74    0    0    0    0]
 [1506  204   23    0    0    0    0]
 [ 311    6    6    0    0    0    0]
 [ 386 1180   12    0    0    0    0]
 [ 124  178   14    0    0    0    0]
 [   8    1  198    0    0    0    0]
 [  12   22  202    0    0    0    0]]
Macro Precision/Recall/F-score:  (0.09127022967926987, 0.13024083291928568, 0.10730136954018445, None)
Accuracy:  0.7932468186972408
Confusion Metric: 
 [[2812  246    4  421   27    9   25]
 [ 150 1487   32   42   16    3    3]
 [  10   38  271    2    1    1    0]
 [ 241   43    0 1270   15    4    5]
 [ 105   66    2   77   63    1    2]
 [   9    1    0    0    0  194    3]
 [  18    3    0   15    1    0  199]]
Macro Precision/Recall/F-score:  (0.781291288343951, 0.7535877651070291, 0.756660992905312, None)

epoch 29/30
ex_result
Accuracy:  0.3789845029608164
Confusion Metric: 
 [[2829  635   80    0    0    0    0]
 [1536  175   22    0    0    0    0]
 [ 313    6    4    0    0    0    0]
 [ 470 1096   12    0    0    0    0]
 [ 126  174   16    0    0    0    0]
 [   9    1  197    0    0    0    0]
 [  12   19  205    0    0    0    0]]
Macro Precision/Recall/F-score:  (0.0892623176275735, 0.13023077473419903, 0.1058000558014689, None)
Accuracy:  0.7951367015245054
Confusion Metric: 
 [[2937  226    5  299   50    7   20]
 [ 176 1470   37   22   23    2    3]
 [  10   35  273    4    0    1    0]
 [ 310   60    0 1164   36    3    5]
 [ 100   72    1   63   77    1    2]
 [  12    1    0    0    0  191    3]
 [  24    2    1    8    2    0  199]]
Macro Precision/Recall/F-score:  (0.773870560853208, 0.7527721448769927, 0.7601245217485436, None)

best_epoch:  23 0.7666757880724256 0.7989164671790349


time= 1231
use 343 from author
Loading Data...
len(test_X):  981
len(train_X):  3803
paragraph level BiLSTM label embedding 3 class

epoch 0/30
ex_result
Accuracy:  0.36928310444752427
Confusion Metric: 
 [[2782  724   38    0    0    0    0]
 [1576  147   10    0    0    0    0]
 [ 318    3    2    0    0    0    0]
 [ 347 1223    8    0    0    0    0]
 [ 154  156    6    0    0    0    0]
 [  11    6  190    0    0    0    0]
 [  22   22  192    0    0    0    0]]
Macro Precision/Recall/F-score:  (0.08612897888680045, 0.1251435240569933, 0.10200576631467213, None)
Accuracy:  0.7078241149048758
Confusion Metric: 
 [[2658  495    6  347    0   11   27]
 [ 307 1347   15   55    0    3    6]
 [  30  162  130    0    0    1    0]
 [ 362   73    0 1136    0    2    5]
 [ 158   76    0   76    0    1    5]
 [  16    0    1    1    0  170   19]
 [  20    9    2   28    0    0  177]]
Macro Precision/Recall/F-score:  (0.6502815493872773, 0.6029851833271321, 0.6139118630137729, None)

epoch 1/30
ex_result
Accuracy:  0.3757087060602243
Confusion Metric: 
 [[2812  692   40    0    0    0    0]
 [1551  168   14    0    0    0    0]
 [ 317    4    2    0    0    0    0]
 [ 351 1218    9    0    0    0    0]
 [ 157  153    6    0    0    0    0]
 [  11    6  190    0    0    0    0]
 [  18   24  194    0    0    0    0]]
Macro Precision/Recall/F-score:  (0.0882249831463785, 0.12808391351868806, 0.10444560875099913, None)
Accuracy:  0.7433539120574525
Confusion Metric: 
 [[2771  426   22  276    0   11   38]
 [ 218 1398   52   52    1    3    9]
 [  17   45  259    1    0    1    0]
 [ 401   73    1 1093    1    2    7]
 [ 144   91    3   68    1    2    7]
 [  13    1    1    0    0  179   13]
 [  15    4    2   16    0    0  199]]
Macro Precision/Recall/F-score:  (0.7020064332149286, 0.6848863105795501, 0.6688218933856472, None)

epoch 2/30
ex_result
Accuracy:  0.36184956532694973
Confusion Metric: 
 [[2659  847   38    0    0    0    0]
 [1509  212   12    0    0    0    0]
 [ 318    4    1    0    0    0    0]
 [ 294 1276    8    0    0    0    0]
 [ 136  173    7    0    0    0    0]
 [  13    6  188    0    0    0    0]
 [  19   25  192    0    0    0    0]]
Macro Precision/Recall/F-score:  (0.08899958563880746, 0.1251013371167032, 0.1039993328216011, None)
Accuracy:  0.7584729746755701
Confusion Metric: 
 [[2818  284   12  382    2   13   33]
 [ 289 1330   32   71    1    3    7]
 [  19   39  262    2    0    1    0]
 [ 314   38    1 1221    0    2    2]
 [ 134   62    2  107    2    2    7]
 [  14    0    1    0    0  188    4]
 [  16    4    1   15    0    1  199]]
Macro Precision/Recall/F-score:  (0.7350476202580264, 0.7007533984869194, 0.6900290131529196, None)

epoch 3/30
ex_result
Accuracy:  0.3724329091596321
Confusion Metric: 
 [[2767  747   30    0    0    0    0]
 [1535  187   11    0    0    0    0]
 [ 316    5    2    0    0    0    0]
 [ 335 1236    7    0    0    0    0]
 [ 134  176    6    0    0    0    0]
 [  16    9  182    0    0    0    0]
 [  21   27  188    0    0    0    0]]
Macro Precision/Recall/F-score:  (0.08900623655812642, 0.12783621779370835, 0.10493677041868478, None)
Accuracy:  0.7701902482046113
Confusion Metric: 
 [[2885  305    7  298   16   10   23]
 [ 242 1396   29   48   10    3    5]
 [  22   42  256    2    0    1    0]
 [ 347   54    0 1162   13    2    0]
 [ 141   64    1   72   35    1    2]
 [  16    0    1    1    0  186    3]
 [  22    3    0   18    0    0  193]]
Macro Precision/Recall/F-score:  (0.7676738800441979, 0.7108061559881639, 0.7226647678381071, None)

epoch 4/30
ex_result
Accuracy:  0.38478014363109486
Confusion Metric: 
 [[2872  632   40    0    0    0    0]
 [1540  180   13    0    0    0    0]
 [ 317    4    2    0    0    0    0]
 [ 402 1170    6    0    0    0    0]
 [ 148  159    9    0    0    0    0]
 [  13    3  191    0    0    0    0]
 [  21   20  195    0    0    0    0]]
Macro Precision/Recall/F-score:  (0.08971038336536552, 0.13149168939204053, 0.10656362958064099, None)
Accuracy:  0.7738440216706565
Confusion Metric: 
 [[2880  298   10  287   22   11   36]
 [ 202 1424   41   46    8    3    9]
 [  18   36  265    2    1    1    0]
 [ 353   59    0 1138   18    2    8]
 [ 123   72    1   74   40    1    5]
 [  14    0    1    0    0  189    3]
 [  19    3    0    8    0    0  206]]
Macro Precision/Recall/F-score:  (0.7499758693508058, 0.7269205922533527, 0.724837838960273, None)

epoch 5/30
ex_result
Accuracy:  0.3964974171601361
Confusion Metric: 
 [[2964  553   27    0    0    0    0]
 [1542  181   10    0    0    0    0]
 [ 318    3    2    0    0    0    0]
 [ 429 1145    4    0    0    0    0]
 [ 147  166    3    0    0    0    0]
 [  19    4  184    0    0    0    0]
 [  25   27  184    0    0    0    0]]
Macro Precision/Recall/F-score:  (0.09090637333023961, 0.1352826039621595, 0.10856239195709806, None)
Accuracy:  0.782537482676074
Confusion Metric: 
 [[2912  317    7  252   33    7   16]
 [ 182 1467   28   36   13    2    5]
 [  18   41  260    2    1    1    0]
 [ 351   61    0 1139   25    2    0]
 [ 121   72    1   60   58    1    3]
 [  15    0    1    1    0  188    2]
 [  26    4    0   17    1    1  187]]
Macro Precision/Recall/F-score:  (0.776231330433618, 0.7255803464782241, 0.7421913415997707, None)

epoch 6/30
ex_result
Accuracy:  0.377220612322036
Confusion Metric: 
 [[2778  726   40    0    0    0    0]
 [1504  213   16    0    0    0    0]
 [ 316    4    3    0    0    0    0]
 [ 360 1210    8    0    0    0    0]
 [ 129  180    7    0    0    0    0]
 [  12    4  191    0    0    0    0]
 [  16   21  199    0    0    0    0]]
Macro Precision/Recall/F-score:  (0.09141497292061108, 0.1308651746328807, 0.10762849131353937, None)
Accuracy:  0.7801436310948722
Confusion Metric: 
 [[2775  325    6  356   37    9   36]
 [ 146 1477   26   58   13    2   11]
 [  17   40  261    4    0    1    0]
 [ 265   63    0 1225   17    2    6]
 [ 103   78    1   74   52    1    7]
 [   8    0    1    1    0  195    2]
 [  19    3    0    6    1    0  207]]
Macro Precision/Recall/F-score:  (0.757573328243671, 0.7433351526429901, 0.740222591340193, None)

epoch 7/30
ex_result
Accuracy:  0.39271765150560667
Confusion Metric: 
 [[2966  544   34    0    0    0    0]
 [1571  150   12    0    0    0    0]
 [ 318    4    1    0    0    0    0]
 [ 466 1105    7    0    0    0    0]
 [ 159  152    5    0    0    0    0]
 [  16    4  187    0    0    0    0]
 [  29   12  195    0    0    0    0]]
Macro Precision/Recall/F-score:  (0.08788623623467151, 0.13236550445620412, 0.10538681340323122, None)
Accuracy:  0.785309310822729
Confusion Metric: 
 [[2878  312    6  286   31    7   24]
 [ 162 1489   27   36   12    2    5]
 [  19   41  259    1    2    1    0]
 [ 321   69    1 1160   19    2    6]
 [ 115   84    1   60   52    1    3]
 [  11    0    1    1    0  192    2]
 [  23    3    0    6    1    0  203]]
Macro Precision/Recall/F-score:  (0.7719353826909979, 0.7372154920475886, 0.7445249750401141, None)

epoch 8/30
ex_result
Accuracy:  0.39485951870984
Confusion Metric: 
 [[2976  523   45    0    0    0    0]
 [1566  152   15    0    0    0    0]
 [ 314    3    6    0    0    0    0]
 [ 456 1115    7    0    0    0    0]
 [ 146  164    6    0    0    0    0]
 [  17    3  187    0    0    0    0]
 [  19   19  198    0    0    0    0]]
Macro Precision/Recall/F-score:  (0.0902027624463773, 0.1351448779819044, 0.10795672932188197, None)
Accuracy:  0.7871991936499937
Confusion Metric: 
 [[2967  276    9  219   35   11   27]
 [ 175 1455   32   50   12    2    7]
 [  16   41  263    1    1    1    0]
 [ 386   53    0 1102   30    2    5]
 [ 122   66    2   56   66    1    3]
 [   9    0    1    1    0  194    2]
 [  22    1    1   10    1    0  201]]
Macro Precision/Recall/F-score:  (0.7694696624031427, 0.7410173892756375, 0.7481008178432288, None)

epoch 9/30
ex_result
Accuracy:  0.3943555499559027
Confusion Metric: 
 [[2970  542   32    0    0    0    0]
 [1566  156   11    0    0    0    0]
 [ 315    4    4    0    0    0    0]
 [ 476 1097    5    0    0    0    0]
 [ 140  172    4    0    0    0    0]
 [  18    2  187    0    0    0    0]
 [  23   25  188    0    0    0    0]]
Macro Precision/Recall/F-score:  (0.08951064383028351, 0.13434818990451897, 0.10720604937807222, None)
Accuracy:  0.7894670530427114
Confusion Metric: 
 [[2903  251    4  304   56    7   19]
 [ 178 1440   29   55   25    2    4]
 [  20   38  261    3    0    1    0]
 [ 300   52    0 1205   19    2    0]
 [ 112   56    1   71   75    1    0]
 [  12    0    1    1    0  191    2]
 [  23    4    0   15    3    0  191]]
Macro Precision/Recall/F-score:  (0.7789381082000598, 0.7415862067936507, 0.7559527921111587, None)

epoch 10/30
ex_result
Accuracy:  0.38251228423837724
Confusion Metric: 
 [[2862  654   28    0    0    0    0]
 [1551  170   12    0    0    0    0]
 [ 316    3    4    0    0    0    0]
 [ 417 1156    5    0    0    0    0]
 [ 140  171    5    0    0    0    0]
 [  14    5  188    0    0    0    0]
 [  21   26  189    0    0    0    0]]
Macro Precision/Recall/F-score:  (0.08927896682439854, 0.13114882361852853, 0.10615347537501117, None)
Accuracy:  0.7856872873881819
Confusion Metric: 
 [[2812  322    6  325   51    9   19]
 [ 136 1502   25   49   14    2    5]
 [  17   38  264    3    0    1    0]
 [ 285   61    0 1210   20    1    1]
 [  96   79    1   74   63    1    2]
 [  11    1    0    2    0  191    2]
 [  19    3    0   19    1    0  194]]
Macro Precision/Recall/F-score:  (0.7739209962481997, 0.7411994331156542, 0.7507040328736424, None)

epoch 11/30
ex_result
Accuracy:  0.3898198311704674
Confusion Metric: 
 [[2936  576   32    0    0    0    0]
 [1564  154   15    0    0    0    0]
 [ 316    3    4    0    0    0    0]
 [ 459 1113    6    0    0    0    0]
 [ 145  165    6    0    0    0    0]
 [  17    2  188    0    0    0    0]
 [  24   21  191    0    0    0    0]]
Macro Precision/Recall/F-score:  (0.0889133036268643, 0.13281279739762517, 0.10632890982540491, None)
Accuracy:  0.7923648733778506
Confusion Metric: 
 [[2924  260    7  289   34    7   23]
 [ 181 1446   38   47   12    2    7]
 [  17   34  268    3    0    1    0]
 [ 300   53    1 1200   17    1    6]
 [ 116   65    2   69   59    1    4]
 [  13    1    0    2    0  189    2]
 [  21    2    0    9    1    0  203]]
Macro Precision/Recall/F-score:  (0.7762049867049506, 0.7442210184328916, 0.7507624332131806, None)

epoch 12/30
ex_result
Accuracy:  0.3901978077359204
Confusion Metric: 
 [[2931  581   32    0    0    0    0]
 [1558  161   14    0    0    0    0]
 [ 315    3    5    0    0    0    0]
 [ 441 1131    6    0    0    0    0]
 [ 151  160    5    0    0    0    0]
 [  13    3  191    0    0    0    0]
 [  20   24  192    0    0    0    0]]
Macro Precision/Recall/F-score:  (0.08987943893859744, 0.13363056573088397, 0.10730573986813166, None)
Accuracy:  0.7955146780899585
Confusion Metric: 
 [[2893  309    8  276   28    7   23]
 [ 137 1506   29   41   10    2    8]
 [  12   42  267    1    0    1    0]
 [ 287   70    1 1197   17    2    4]
 [ 103   90    1   62   55    1    4]
 [  10    1    0    2    0  192    2]
 [  20    3    0    8    1    0  204]]
Macro Precision/Recall/F-score:  (0.7817651488947772, 0.7480709559136088, 0.753065050585014, None)

epoch 13/30
ex_result
Accuracy:  0.3995212296837596
Confusion Metric: 
 [[3013  498   33    0    0    0    0]
 [1568  153   12    0    0    0    0]
 [ 315    3    5    0    0    0    0]
 [ 486 1086    6    0    0    0    0]
 [ 158  153    5    0    0    0    0]
 [  17    2  188    0    0    0    0]
 [  24   19  193    0    0    0    0]]
Macro Precision/Recall/F-score:  (0.09015956122064103, 0.1362764836104355, 0.1081942908821124, None)
Accuracy:  0.7966486077863173
Confusion Metric: 
 [[2946  296    6  241   34    7   14]
 [ 141 1492   29   48   17    2    4]
 [  14   44  262    1    1    1    0]
 [ 333   50    1 1160   31    1    2]
 [ 111   66    1   60   75    1    2]
 [  11    1    0    1    0  192    2]
 [  26    3    0    8    3    0  196]]
Macro Precision/Recall/F-score:  (0.7892326253830033, 0.7476912320369499, 0.7623682188334738, None)

epoch 14/30
ex_result
Accuracy:  0.39107975305531056
Confusion Metric: 
 [[2950  567   27    0    0    0    0]
 [1573  149   11    0    0    0    0]
 [ 314    4    5    0    0    0    0]
 [ 493 1079    6    0    0    0    0]
 [ 154  157    5    0    0    0    0]
 [  17    2  188    0    0    0    0]
 [  23   19  194    0    0    0    0]]
Macro Precision/Recall/F-score:  (0.08869541662183536, 0.13340724648442606, 0.1063054703604424, None)
Accuracy:  0.794128764016631
Confusion Metric: 
 [[2930  301    6  237   43    9   18]
 [ 148 1498   28   35   18    1    5]
 [  13   41  266    3    0    0    0]
 [ 347   56    1 1143   25    1    5]
 [ 110   76    2   54   70    1    3]
 [  11    2    0    1    0  191    2]
 [  22    2    0    6    1    0  205]]
Macro Precision/Recall/F-score:  (0.7821575345732601, 0.7502684023945837, 0.760074650248983, None)

epoch 15/30
ex_result
Accuracy:  0.3986392843643694
Confusion Metric: 
 [[3062  455   27    0    0    0    0]
 [1623  100   10    0    0    0    0]
 [ 318    3    2    0    0    0    0]
 [ 561 1012    5    0    0    0    0]
 [ 173  139    4    0    0    0    0]
 [  17    2  188    0    0    0    0]
 [  30   17  189    0    0    0    0]]
Macro Precision/Recall/F-score:  (0.08456681104899313, 0.13255583432751078, 0.1028074815292684, None)
Accuracy:  0.7926168577548192
Confusion Metric: 
 [[2970  282    5  220   40   10   17]
 [ 153 1487   35   37   15    2    4]
 [  11   39  270    2    0    1    0]
 [ 370   63    1 1122   20    1    1]
 [ 129   67    2   51   63    1    3]
 [  11    1    0    1    0  192    2]
 [  29    3    0   15    2    0  187]]
Macro Precision/Recall/F-score:  (0.7804512105958131, 0.7374716961171466, 0.7511287346254055, None)

epoch 16/30
ex_result
Accuracy:  0.3967494015371047
Confusion Metric: 
 [[3016  498   30    0    0    0    0]
 [1590  131   12    0    0    0    0]
 [ 318    3    2    0    0    0    0]
 [ 529 1042    7    0    0    0    0]
 [ 160  149    7    0    0    0    0]
 [  18    4  185    0    0    0    0]
 [  25   19  192    0    0    0    0]]
Macro Precision/Recall/F-score:  (0.08697156947993478, 0.13325703024499028, 0.1048762892256577, None)
Accuracy:  0.7945067405820839
Confusion Metric: 
 [[2983  252    8  241   38    7   15]
 [ 164 1456   46   48   14    2    3]
 [  12   37  272    2    0    0    0]
 [ 358   55    1 1143   17    1    3]
 [ 113   68    2   62   67    1    3]
 [  14    2    0    1    0  189    1]
 [  22    3    1   12    2    0  196]]
Macro Precision/Recall/F-score:  (0.7843055265549049, 0.7434118559546918, 0.7557538415919952, None)

epoch 17/30
ex_result
Accuracy:  0.40204107345344586
Confusion Metric: 
 [[3079  424   41    0    0    0    0]
 [1613  109   11    0    0    0    0]
 [ 317    3    3    0    0    0    0]
 [ 606  962   10    0    0    0    0]
 [ 169  137   10    0    0    0    0]
 [  17    3  187    0    0    0    0]
 [  21   12  203    0    0    0    0]]
Macro Precision/Recall/F-score:  (0.08590975459605019, 0.1344252802369959, 0.10421979685132998, None)
Accuracy:  0.793750787451178
Confusion Metric: 
 [[3024  270    3  181   34    7   25]
 [ 169 1487   26   32   12    2    5]
 [  13   45  261    2    0    1    1]
 [ 422   68    1 1063   20    1    3]
 [ 123   70    2   48   69    1    3]
 [  11    1    0    1    0  192    2]
 [  23    2    0    5    2    0  204]]
Macro Precision/Recall/F-score:  (0.7910599829200994, 0.7433296079995377, 0.7575643009712812, None)

epoch 18/30
ex_result
Accuracy:  0.3967494015371047
Confusion Metric: 
 [[3072  445   27    0    0    0    0]
 [1646   76   11    0    0    0    0]
 [ 319    3    1    0    0    0    0]
 [ 589  984    5    0    0    0    0]
 [ 179  132    5    0    0    0    0]
 [  22    3  182    0    0    0    0]
 [  27   14  195    0    0    0    0]]
Macro Precision/Recall/F-score:  (0.08185468988938963, 0.1305382454870091, 0.10018058620063346, None)
Accuracy:  0.7948847171475368
Confusion Metric: 
 [[3034  258    4  200   25    6   17]
 [ 190 1476   25   26   12    2    2]
 [  17   41  264    1    0    0    0]
 [ 399   66    1 1096   15    0    1]
 [ 134   75    1   54   49    1    2]
 [  14    1    0    1    0  189    2]
 [  24    3    0    6    2    0  201]]
Macro Precision/Recall/F-score:  (0.7964410531325337, 0.7342123239835999, 0.7523797308001944, None)

epoch 19/30
ex_result
Accuracy:  0.40267103439586743
Confusion Metric: 
 [[3104  410   30    0    0    0    0]
 [1630   90   13    0    0    0    0]
 [ 318    3    2    0    0    0    0]
 [ 620  952    6    0    0    0    0]
 [ 173  137    6    0    0    0    0]
 [  20    3  184    0    0    0    0]
 [  27   15  194    0    0    0    0]]
Macro Precision/Recall/F-score:  (0.0839020491416871, 0.13342450223483476, 0.10243239857270582, None)
Accuracy:  0.7996724203099408
Confusion Metric: 
 [[3053  239    3  202   24    7   16]
 [ 182 1485   22   30    9    2    3]
 [  12   45  264    1    0    1    0]
 [ 400   55    1 1104   15    2    1]
 [ 132   69    1   53   58    1    2]
 [  10    1    0    1    0  193    2]
 [  26    4    0   14    2    0  190]]
Macro Precision/Recall/F-score:  (0.8053467113980781, 0.7366149958944607, 0.7572103031992706, None)

epoch 20/30
ex_result
Accuracy:  0.4009071437570871
Confusion Metric: 
 [[3086  429   29    0    0    0    0]
 [1626   93   14    0    0    0    0]
 [ 317    3    3    0    0    0    0]
 [ 592  980    6    0    0    0    0]
 [ 167  143    6    0    0    0    0]
 [  16    3  188    0    0    0    0]
 [  28   18  190    0    0    0    0]]
Macro Precision/Recall/F-score:  (0.08453603472147338, 0.1333885123198655, 0.10297933002746487, None)
Accuracy:  0.8000503968753937
Confusion Metric: 
 [[3042  253    5  188   29    7   20]
 [ 178 1471   33   28   15    3    5]
 [  10   41  271    1    0    0    0]
 [ 391   57    1 1111   16    0    2]
 [ 127   71    1   50   63    1    3]
 [   9    1    0    1    0  194    2]
 [  23    6    0    7    2    0  198]]
Macro Precision/Recall/F-score:  (0.794736199707567, 0.7465403552120382, 0.7603274497753789, None)

epoch 21/30
ex_result
Accuracy:  0.39800932342194784
Confusion Metric: 
 [[3026  483   35    0    0    0    0]
 [1589  131   13    0    0    0    0]
 [ 318    3    2    0    0    0    0]
 [ 543 1026    9    0    0    0    0]
 [ 157  152    7    0    0    0    0]
 [  18    4  185    0    0    0    0]
 [  25   15  196    0    0    0    0]]
Macro Precision/Recall/F-score:  (0.08711604097094985, 0.13366012602054655, 0.105065596535048, None)
Accuracy:  0.8003023812523623
Confusion Metric: 
 [[3010  285    2  191   31    8   17]
 [ 151 1506   18   35   14    3    6]
 [   9   48  264    1    0    1    0]
 [ 379   62    1 1111   22    0    3]
 [ 119   75    2   48   67    1    4]
 [   9    1    0    1    0  195    1]
 [  25    4    0    7    1    0  199]]
Macro Precision/Recall/F-score:  (0.7984510751983102, 0.7481434199885448, 0.7637087031980246, None)

epoch 22/30
ex_result
Accuracy:  0.39624543278316743
Confusion Metric: 
 [[3035  473   36    0    0    0    0]
 [1613  108   12    0    0    0    0]
 [ 318    3    2    0    0    0    0]
 [ 573  997    8    0    0    0    0]
 [ 173  137    6    0    0    0    0]
 [  15    3  189    0    0    0    0]
 [  23   13  200    0    0    0    0]]
Macro Precision/Recall/F-score:  (0.0849321192883244, 0.13212694321351875, 0.1029379819952525, None)
Accuracy:  0.7994204359329722
Confusion Metric: 
 [[3004  275    5  204   33    6   17]
 [ 162 1496   21   30   16    3    5]
 [  15   42  265    1    0    0    0]
 [ 373   66    1 1116   21    0    1]
 [ 121   67    2   51   70    1    4]
 [  10    1    0    1    0  193    2]
 [  23    4    0    6    2    0  201]]
Macro Precision/Recall/F-score:  (0.7982782644687562, 0.7491587930943442, 0.7652365990058109, None)

epoch 23/30
ex_result
Accuracy:  0.40128512032254
Confusion Metric: 
 [[3086  428   30    0    0    0    0]
 [1625   97   11    0    0    0    0]
 [ 318    3    2    0    0    0    0]
 [ 589  979   10    0    0    0    0]
 [ 174  138    4    0    0    0    0]
 [  18    3  186    0    0    0    0]
 [  26   15  195    0    0    0    0]]
Macro Precision/Recall/F-score:  (0.08452591037947409, 0.13327596388384214, 0.10291114400272314, None)
Accuracy:  0.7947587249590525
Confusion Metric: 
 [[3042  288    5  154   36    7   12]
 [ 157 1501   32   27   11    2    3]
 [  10   40  272    1    0    0    0]
 [ 443   70    1 1040   22    1    1]
 [ 118   87    2   41   65    1    2]
 [  10    1    0    1    0  193    2]
 [  26    4    1    9    1    0  195]]
Macro Precision/Recall/F-score:  (0.7962386957342101, 0.7414260216921736, 0.7587083047011208, None)

epoch 24/30
ex_result
Accuracy:  0.40178908907647726
Confusion Metric: 
 [[3089  415   40    0    0    0    0]
 [1622   97   14    0    0    0    0]
 [ 316    4    3    0    0    0    0]
 [ 588  977   13    0    0    0    0]
 [ 178  131    7    0    0    0    0]
 [  14    3  190    0    0    0    0]
 [  22    8  206    0    0    0    0]]
Macro Precision/Recall/F-score:  (0.08508660515930654, 0.13383917479253735, 0.10346655986392565, None)
Accuracy:  0.7987904749905506
Confusion Metric: 
 [[3020  284    6  191   18    6   19]
 [ 165 1495   31   27    9    3    3]
 [  10   40  271    2    0    0    0]
 [ 383   71    1 1104   16    1    2]
 [ 120   89    1   46   55    1    4]
 [  10    1    0    1    0  193    2]
 [  22    3    0    8    1    0  202]]
Macro Precision/Recall/F-score:  (0.8015224307738144, 0.7451127732374844, 0.7579152914452537, None)

epoch 25/30
ex_result
Accuracy:  0.39737936247952627
Confusion Metric: 
 [[3038  477   29    0    0    0    0]
 [1610  114    9    0    0    0    0]
 [ 317    4    2    0    0    0    0]
 [ 546 1024    8    0    0    0    0]
 [ 169  140    7    0    0    0    0]
 [  15    3  189    0    0    0    0]
 [  30   11  195    0    0    0    0]]
Macro Precision/Recall/F-score:  (0.08564409011835815, 0.13274247255619304, 0.10368558760956162, None)
Accuracy:  0.7965226155978329
Confusion Metric: 
 [[2886  332    4  267   28    9   18]
 [ 125 1530   20   41   12    1    4]
 [   9   49  261    2    1    1    0]
 [ 310   58    1 1189   17    1    2]
 [ 102   88    2   54   64    1    5]
 [   9    2    0    1    0  193    2]
 [  23    3    0    9    2    0  199]]
Macro Precision/Recall/F-score:  (0.7943350194110324, 0.7481214670207071, 0.7601408818040049, None)

epoch 26/30
ex_result
Accuracy:  0.4030490109613204
Confusion Metric: 
 [[3083  428   33    0    0    0    0]
 [1609  114   10    0    0    0    0]
 [ 318    3    2    0    0    0    0]
 [ 583  985   10    0    0    0    0]
 [ 169  141    6    0    0    0    0]
 [  16    3  188    0    0    0    0]
 [  26   13  197    0    0    0    0]]
Macro Precision/Recall/F-score:  (0.08617789603834104, 0.13455640354619627, 0.1044963657200345, None)
Accuracy:  0.8033261937759859
Confusion Metric: 
 [[3001  236    5  235   44    7   16]
 [ 172 1483   17   34   23    2    2]
 [  11   44  265    2    1    0    0]
 [ 336   56    1 1161   21    1    2]
 [ 117   61    2   49   82    1    4]
 [  13    1    0    1    0  189    3]
 [  27    3    0    9    2    0  195]]
Macro Precision/Recall/F-score:  (0.79902020235232, 0.7510725716351355, 0.7697222296330832, None)

epoch 27/30
ex_result
Accuracy:  0.3905757843013733
Confusion Metric: 
 [[2968  523   53    0    0    0    0]
 [1586  128   19    0    0    0    0]
 [ 316    3    4    0    0    0    0]
 [ 533 1030   15    0    0    0    0]
 [ 155  148   13    0    0    0    0]
 [  13    3  191    0    0    0    0]
 [  16   10  210    0    0    0    0]]
Macro Precision/Recall/F-score:  (0.08693295797444107, 0.13195943456937306, 0.104471896608329, None)
Accuracy:  0.7948847171475368
Confusion Metric: 
 [[2939  282    5  237   33    9   39]
 [ 149 1507   27   25   15    3    7]
 [  11   43  266    2    1    0    0]
 [ 355   59    1 1124   24    1   14]
 [ 115   74    1   51   66    1    8]
 [   8    1    0    1    0  194    3]
 [  17    2    2    2    0    0  213]]
Macro Precision/Recall/F-score:  (0.7716119926977649, 0.7547576999635811, 0.7539579627230372, None)

epoch 28/30
ex_result
Accuracy:  0.3859140733274537
Confusion Metric: 
 [[2894  612   38    0    0    0    0]
 [1555  166   12    0    0    0    0]
 [ 317    3    3    0    0    0    0]
 [ 468 1101    9    0    0    0    0]
 [ 148  161    7    0    0    0    0]
 [  13    3  191    0    0    0    0]
 [  20   15  201    0    0    0    0]]
Macro Precision/Recall/F-score:  (0.08878462632668735, 0.13166671418427536, 0.105887699671699, None)
Accuracy:  0.798160514048129
Confusion Metric: 
 [[2914  263    8  275   57    7   20]
 [ 136 1491   35   41   23    3    4]
 [   9   37  274    2    1    0    0]
 [ 316   47    1 1179   32    1    2]
 [ 109   68    2   48   84    1    4]
 [  10    1    0    1    0  192    3]
 [  24    4    0    6    1    0  201]]
Macro Precision/Recall/F-score:  (0.7784056461609288, 0.7604417083759551, 0.7665253033739277, None)

epoch 29/30
ex_result
Accuracy:  0.39800932342194784
Confusion Metric: 
 [[3042  466   36    0    0    0    0]
 [1607  115   11    0    0    0    0]
 [ 319    2    2    0    0    0    0]
 [ 573  996    9    0    0    0    0]
 [ 167  142    7    0    0    0    0]
 [  14    2  191    0    0    0    0]
 [  24   14  198    0    0    0    0]]
Macro Precision/Recall/F-score:  (0.08571759336071817, 0.1329861443014168, 0.10376116648601838, None)
Accuracy:  0.7997984124984251
Confusion Metric: 
 [[3016  258    4  205   33    7   21]
 [ 164 1495   25   27   14    2    6]
 [  10   42  267    2    0    1    1]
 [ 374   65    1 1122   14    1    1]
 [ 129   77    1   46   58    1    4]
 [   9    1    0    1    0  193    3]
 [  25    2    0   11    1    0  197]]
Macro Precision/Recall/F-score:  (0.7913722285706992, 0.7431415596966592, 0.7566546300409138, None)

best_epoch:  26 0.7697222296330832 0.8033261937759859


time= 1232
use 343 from author
Loading Data...
len(test_X):  981
len(train_X):  3803
paragraph level BiLSTM label embedding 3 class

epoch 0/30
ex_result
Accuracy:  0.3265717525513418
Confusion Metric: 
 [[2424 1068   52    0    0    0    0]
 [1542  166   25    0    0    0    0]
 [ 314    7    2    0    0    0    0]
 [ 284 1277   17    0    0    0    0]
 [ 130  180    6    0    0    0    0]
 [   7    6  194    0    0    0    0]
 [  11   31  194    0    0    0    0]]
Macro Precision/Recall/F-score:  (0.08274393862807394, 0.11227893055710225, 0.09520507554094182, None)
Accuracy:  0.7073201461509386
Confusion Metric: 
 [[2785  310    8  405    0   19   17]
 [ 453 1218   13   38    0    3    8]
 [  49  154  117    2    0    1    0]
 [ 314   59    0 1195    0    9    1]
 [ 169   57    1   85    0    1    3]
 [  15    0    1    2    0  186    3]
 [  20    5    2   52    0   44  113]]
Macro Precision/Recall/F-score:  (0.6270966377481508, 0.5693633961930429, 0.5780966408496572, None)

epoch 1/30
ex_result
Accuracy:  0.34005291671916343
Confusion Metric: 
 [[2497 1000   47    0    0    0    0]
 [1517  200   16    0    0    0    0]
 [ 314    7    2    0    0    0    0]
 [ 280 1288   10    0    0    0    0]
 [ 127  184    5    0    0    0    0]
 [   9    9  189    0    0    0    0]
 [  13   30  193    0    0    0    0]]
Macro Precision/Recall/F-score:  (0.0861175970855497, 0.11802426650870505, 0.09951103575155731, None)
Accuracy:  0.7414640292301877
Confusion Metric: 
 [[2838  305    6  369    2    7   17]
 [ 341 1299   26   55    2    3    7]
 [  22   72  225    3    0    1    0]
 [ 342   49    0 1180    1    1    5]
 [ 142   68    2   94    8    1    1]
 [  17    0    1    3    0  183    3]
 [  22    7    2   53    0    0  152]]
Macro Precision/Recall/F-score:  (0.7692582995590393, 0.6497394207552335, 0.667442575152509, None)

epoch 2/30
ex_result
Accuracy:  0.3497543152324556
Confusion Metric: 
 [[2608  896   40    0    0    0    0]
 [1553  167   13    0    0    0    0]
 [ 314    8    1    0    0    0    0]
 [ 319 1251    8    0    0    0    0]
 [ 140  171    5    0    0    0    0]
 [  13    8  186    0    0    0    0]
 [  16   29  191    0    0    0    0]]
Macro Precision/Recall/F-score:  (0.08482125330674155, 0.1193360440863106, 0.09915689442811215, None)
Accuracy:  0.7572130527907269
Confusion Metric: 
 [[2931  232    7  331    5    8   30]
 [ 355 1299   23   41    3    3    9]
 [  21   55  242    4    0    1    0]
 [ 356   46    0 1162    2    1   11]
 [ 152   63    1   86   10    1    3]
 [  15    0    1    0    0  186    5]
 [  16    5    0   35    0    0  180]]
Macro Precision/Recall/F-score:  (0.7565920387781369, 0.6793011643514432, 0.6873854260986019, None)

epoch 3/30
ex_result
Accuracy:  0.3605896434421066
Confusion Metric: 
 [[2697  801   46    0    0    0    0]
 [1552  164   17    0    0    0    0]
 [ 315    7    1    0    0    0    0]
 [ 349 1218   11    0    0    0    0]
 [ 139  171    6    0    0    0    0]
 [  12    6  189    0    0    0    0]
 [  14   26  196    0    0    0    0]]
Macro Precision/Recall/F-score:  (0.08597053667085289, 0.12267629618375771, 0.10109137735409535, None)
Accuracy:  0.7695602872621897
Confusion Metric: 
 [[2953  254    7  276   11    9   34]
 [ 295 1375   18   32    4    2    7]
 [  22   55  243    2    0    1    0]
 [ 371   44    0 1146   10    2    5]
 [ 145   76    1   72   19    1    2]
 [  12    0    1    1    0  191    2]
 [  17    5    0   32    1    0  181]]
Macro Precision/Recall/F-score:  (0.7573199286917804, 0.6935714087484003, 0.704863690036042, None)

epoch 4/30
ex_result
Accuracy:  0.35958170593423205
Confusion Metric: 
 [[2704  798   42    0    0    0    0]
 [1568  149   16    0    0    0    0]
 [ 314    8    1    0    0    0    0]
 [ 382 1186   10    0    0    0    0]
 [ 131  180    5    0    0    0    0]
 [  13    8  186    0    0    0    0]
 [  12   28  196    0    0    0    0]]
Macro Precision/Recall/F-score:  (0.08473166562459213, 0.12172196170162854, 0.09990457779411059, None)
Accuracy:  0.7734660451052034
Confusion Metric: 
 [[3052  226    7  213   16    7   23]
 [ 302 1374   24   18    6    2    7]
 [  19   48  253    1    1    1    0]
 [ 447   57    0 1053   16    0    5]
 [ 143   75    1   59   34    1    3]
 [  16    0    1    1    0  187    2]
 [  19    5    0   26    0    0  186]]
Macro Precision/Recall/F-score:  (0.7741434585273358, 0.7005304113079796, 0.7198470703724906, None)

epoch 5/30
ex_result
Accuracy:  0.3689051278820713
Confusion Metric: 
 [[2789  711   44    0    0    0    0]
 [1581  137   15    0    0    0    0]
 [ 314    7    2    0    0    0    0]
 [ 410 1158   10    0    0    0    0]
 [ 144  167    5    0    0    0    0]
 [  12    6  189    0    0    0    0]
 [  16   26  194    0    0    0    0]]
Macro Precision/Recall/F-score:  (0.08513088600797147, 0.12460135674987032, 0.1011020357458909, None)
Accuracy:  0.7772458107597329
Confusion Metric: 
 [[3076  193    6  212   22    8   27]
 [ 326 1334   25   31    7    2    8]
 [  19   45  256    2    0    1    0]
 [ 426   44    0 1079   22    1    6]
 [ 147   69    1   58   38    1    2]
 [  11    0    1    0    0  192    3]
 [  21    3    0   16    2    0  194]]
Macro Precision/Recall/F-score:  (0.7677784696334393, 0.7119827324263577, 0.7268861924726341, None)

epoch 6/30
ex_result
Accuracy:  0.36739322162025956
Confusion Metric: 
 [[2756  743   45    0    0    0    0]
 [1558  159   16    0    0    0    0]
 [ 314    8    1    0    0    0    0]
 [ 377 1190   11    0    0    0    0]
 [ 137  174    5    0    0    0    0]
 [  14    3  190    0    0    0    0]
 [  17   26  193    0    0    0    0]]
Macro Precision/Recall/F-score:  (0.08628226657068364, 0.12464239408453352, 0.10195279116058266, None)
Accuracy:  0.7801436310948722
Confusion Metric: 
 [[3040  225    7  236   15    7   14]
 [ 278 1390   24   31    5    2    3]
 [  19   46  255    2    0    1    0]
 [ 401   52    0 1104   14    2    5]
 [ 143   76    1   67   26    1    2]
 [  16    0    1    0    0  188    2]
 [  26    5    0   15    1    0  189]]
Macro Precision/Recall/F-score:  (0.7763606103522556, 0.7057567268636674, 0.7232544394867627, None)

epoch 7/30
ex_result
Accuracy:  0.35580194027970263
Confusion Metric: 
 [[2676  827   41    0    0    0    0]
 [1570  146   17    0    0    0    0]
 [ 313    8    2    0    0    0    0]
 [ 371 1198    9    0    0    0    0]
 [ 138  173    5    0    0    0    0]
 [  12    3  192    0    0    0    0]
 [  18   26  192    0    0    0    0]]
Macro Precision/Recall/F-score:  (0.08437104513454761, 0.12078827540109557, 0.09934283968952697, None)
Accuracy:  0.7858132795766662
Confusion Metric: 
 [[2950  248    6  271   38    7   24]
 [ 222 1435   20   36   12    2    6]
 [  15   50  254    2    1    1    0]
 [ 339   46    0 1169   21    0    3]
 [ 113   80    1   69   50    1    2]
 [  14    0    1    0    0  190    2]
 [  21    4    0   19    3    0  189]]
Macro Precision/Recall/F-score:  (0.7717080709645251, 0.7235107421873975, 0.7393042553212387, None)

epoch 8/30
ex_result
Accuracy:  0.36840115912813404
Confusion Metric: 
 [[2815  681   48    0    0    0    0]
 [1611  108   14    0    0    0    0]
 [ 315    7    1    0    0    0    0]
 [ 441 1125   12    0    0    0    0]
 [ 158  152    6    0    0    0    0]
 [  11    4  192    0    0    0    0]
 [  19   19  198    0    0    0    0]]
Macro Precision/Recall/F-score:  (0.08255120370225574, 0.12281655397525247, 0.09864589193121896, None)
Accuracy:  0.7874511780269623
Confusion Metric: 
 [[3058  226    6  205   20    8   21]
 [ 240 1428   21   25    8    3    8]
 [  18   46  256    1    1    1    0]
 [ 410   57    0 1084   20    1    6]
 [ 138   82    1   58   34    1    2]
 [  12    0    1    0    0  192    2]
 [  22    3    0   12    1    0  198]]
Macro Precision/Recall/F-score:  (0.773272863690902, 0.7200715447064187, 0.7330701016270248, None)

epoch 9/30
ex_result
Accuracy:  0.36373944815421444
Confusion Metric: 
 [[2763  735   46    0    0    0    0]
 [1595  123   15    0    0    0    0]
 [ 313    9    1    0    0    0    0]
 [ 402 1167    9    0    0    0    0]
 [ 148  163    5    0    0    0    0]
 [  11    3  193    0    0    0    0]
 [  17   22  197    0    0    0    0]]
Macro Precision/Recall/F-score:  (0.0834124909402734, 0.12195695746737842, 0.0990270076866718, None)
Accuracy:  0.7866952248960565
Confusion Metric: 
 [[3100  187    4  209   17    5   22]
 [ 292 1383   17   27    6    3    5]
 [  18   56  246    1    1    1    0]
 [ 416   44    0 1091   20    0    7]
 [ 142   73    1   62   35    1    2]
 [  15    0    1    0    0  189    2]
 [  23    4    0    9    0    0  200]]
Macro Precision/Recall/F-score:  (0.7847065423331884, 0.7138582741341756, 0.7331692694747145, None)

epoch 10/30
ex_result
Accuracy:  0.3686531435051027
Confusion Metric: 
 [[2779  727   38    0    0    0    0]
 [1571  146   16    0    0    0    0]
 [ 313    9    1    0    0    0    0]
 [ 409 1161    8    0    0    0    0]
 [ 149  162    5    0    0    0    0]
 [  13    3  191    0    0    0    0]
 [  18   24  194    0    0    0    0]]
Macro Precision/Recall/F-score:  (0.08525020731835305, 0.12449787971329687, 0.10115711920103088, None)
Accuracy:  0.7868212170845408
Confusion Metric: 
 [[3016  185    4  259   47    6   27]
 [ 261 1383   19   35   25    3    7]
 [  18   42  260    1    1    1    0]
 [ 364   43    0 1133   31    1    6]
 [ 125   64    1   60   63    1    2]
 [  13    0    1    0    0  191    2]
 [  21    2    0   13    1    0  199]]
Macro Precision/Recall/F-score:  (0.7709153508136231, 0.733899664674136, 0.7478241688512277, None)

epoch 11/30
ex_result
Accuracy:  0.3758346982487086
Confusion Metric: 
 [[2867  631   46    0    0    0    0]
 [1601  115   17    0    0    0    0]
 [ 314    8    1    0    0    0    0]
 [ 470 1100    8    0    0    0    0]
 [ 150  161    5    0    0    0    0]
 [  12    3  192    0    0    0    0]
 [  17   18  201    0    0    0    0]]
Macro Precision/Recall/F-score:  (0.0837866250532635, 0.12548968605315375, 0.10034742947186748, None)
Accuracy:  0.7894670530427114
Confusion Metric: 
 [[3074  213    3  192   29    7   26]
 [ 243 1434   16   17   13    3    7]
 [  19   54  248    1    1    0    0]
 [ 430   57    0 1059   26    1    5]
 [ 135   72    1   48   56    1    3]
 [  11    0    1    0    0  193    2]
 [  18    3    0   12    1    0  202]]
Macro Precision/Recall/F-score:  (0.7848118319576648, 0.7284667675125996, 0.7462107368962896, None)

epoch 12/30
ex_result
Accuracy:  0.38301625299231445
Confusion Metric: 
 [[2934  576   34    0    0    0    0]
 [1617  105   11    0    0    0    0]
 [ 315    7    1    0    0    0    0]
 [ 501 1071    6    0    0    0    0]
 [ 164  147    5    0    0    0    0]
 [  13    3  191    0    0    0    0]
 [  24   20  192    0    0    0    0]]
Macro Precision/Recall/F-score:  (0.08337781868745296, 0.12736609339936839, 0.1005646996134726, None)
Accuracy:  0.7884591155348368
Confusion Metric: 
 [[3081  220    6  185   30    5   17]
 [ 227 1447   23   24    8    2    2]
 [  14   48  258    1    1    1    0]
 [ 445   59    0 1044   26    0    4]
 [ 131   79    1   52   50    1    2]
 [  18    0    1    0    0  186    2]
 [  25    5    0   11    2    1  192]]
Macro Precision/Recall/F-score:  (0.7855803277843242, 0.7192887693035155, 0.741644395494709, None)

epoch 13/30
ex_result
Accuracy:  0.3671412372432909
Confusion Metric: 
 [[2796  702   46    0    0    0    0]
 [1599  117   17    0    0    0    0]
 [ 315    7    1    0    0    0    0]
 [ 475 1094    9    0    0    0    0]
 [ 157  152    7    0    0    0    0]
 [  10    4  193    0    0    0    0]
 [  19   18  199    0    0    0    0]]
Macro Precision/Recall/F-score:  (0.08265228851121978, 0.12279257291670669, 0.09870252202486537, None)
Accuracy:  0.788963084288774
Confusion Metric: 
 [[3011  216    3  240   27   10   37]
 [ 222 1453   17   23    9    3    6]
 [  14   54  251    2    1    1    0]
 [ 375   66    0 1102   23    3    9]
 [ 126   77    1   62   45    1    4]
 [   7    0    1    0    0  196    3]
 [  17    2    0   12    1    0  204]]
Macro Precision/Recall/F-score:  (0.7680470998425051, 0.7310213296990345, 0.7377817414562319, None)

epoch 14/30
ex_result
Accuracy:  0.36550333879299485
Confusion Metric: 
 [[2757  747   40    0    0    0    0]
 [1573  143   17    0    0    0    0]
 [ 315    7    1    0    0    0    0]
 [ 423 1145   10    0    0    0    0]
 [ 153  157    6    0    0    0    0]
 [  11    4  192    0    0    0    0]
 [  15   23  198    0    0    0    0]]
Macro Precision/Recall/F-score:  (0.08454843905977841, 0.12336376870206936, 0.10028773679917767, None)
Accuracy:  0.7884591155348368
Confusion Metric: 
 [[2935  259    4  292   28    4   22]
 [ 177 1495   22   27    6    1    5]
 [  10   54  256    2    0    1    0]
 [ 350   63    0 1139   17    2    7]
 [ 116   84    1   72   40    1    2]
 [  15    0    1    1    0  188    2]
 [  17    2    0   11    1    0  205]]
Macro Precision/Recall/F-score:  (0.7780741906588621, 0.7298049258270997, 0.7407924586936215, None)

epoch 15/30
ex_result
Accuracy:  0.36096762000755955
Confusion Metric: 
 [[2731  766   47    0    0    0    0]
 [1583  132   18    0    0    0    0]
 [ 313    8    2    0    0    0    0]
 [ 411 1160    7    0    0    0    0]
 [ 151  160    5    0    0    0    0]
 [  12    4  191    0    0    0    0]
 [  16   23  197    0    0    0    0]]
Macro Precision/Recall/F-score:  (0.08376459022633767, 0.12185123407663777, 0.09924855924499652, None)
Accuracy:  0.793750787451178
Confusion Metric: 
 [[2974  212    5  285   35    7   26]
 [ 205 1454   24   29   12    3    6]
 [  12   44  263    3    0    1    0]
 [ 329   57    0 1166   20    2    4]
 [ 122   76    1   64   50    1    2]
 [  10    0    1    1    0  191    4]
 [  18    1    1   13    1    0  202]]
Macro Precision/Recall/F-score:  (0.7743778518350436, 0.7383127358912533, 0.7472557122858868, None)

epoch 16/30
ex_result
Accuracy:  0.3685271513166184
Confusion Metric: 
 [[2788  718   38    0    0    0    0]
 [1583  136   14    0    0    0    0]
 [ 315    7    1    0    0    0    0]
 [ 428 1144    6    0    0    0    0]
 [ 154  157    5    0    0    0    0]
 [  13    2  192    0    0    0    0]
 [  21   23  192    0    0    0    0]]
Macro Precision/Recall/F-score:  (0.08432244160171319, 0.12403633156128514, 0.10033188372373861, None)
Accuracy:  0.7926168577548192
Confusion Metric: 
 [[3074  180    3  231   27    5   24]
 [ 247 1410   21   38   10    3    4]
 [  17   53  250    2    0    1    0]
 [ 394   45    0 1116   16    0    7]
 [ 133   70    1   61   48    1    2]
 [  14    0    1    1    0  189    2]
 [  22    2    0    7    1    0  204]]
Macro Precision/Recall/F-score:  (0.7887518870793853, 0.7273666611505127, 0.7451398830397583, None)

epoch 17/30
ex_result
Accuracy:  0.3709210028978203
Confusion Metric: 
 [[2820  685   39    0    0    0    0]
 [1599  122   12    0    0    0    0]
 [ 313    8    2    0    0    0    0]
 [ 450 1120    8    0    0    0    0]
 [ 159  152    5    0    0    0    0]
 [  13    4  190    0    0    0    0]
 [  22   22  192    0    0    0    0]]
Macro Precision/Recall/F-score:  (0.08382223866830216, 0.12461445212907621, 0.10013108580886855, None)
Accuracy:  0.7929948343202722
Confusion Metric: 
 [[2997  221    4  264   30    8   20]
 [ 206 1454   25   27   13    3    5]
 [  12   44  264    2    0    1    0]
 [ 365   52    0 1134   21    2    4]
 [ 125   76    1   61   50    1    2]
 [   9    0    1    1    0  194    2]
 [  23    2    0    9    1    0  201]]
Macro Precision/Recall/F-score:  (0.7803232060215363, 0.7382502285682823, 0.7495422393189851, None)

epoch 18/30
ex_result
Accuracy:  0.36978707320146154
Confusion Metric: 
 [[2837  667   40    0    0    0    0]
 [1623   96   14    0    0    0    0]
 [ 314    7    2    0    0    0    0]
 [ 454 1114   10    0    0    0    0]
 [ 157  152    7    0    0    0    0]
 [  13    3  191    0    0    0    0]
 [  20   19  197    0    0    0    0]]
Macro Precision/Recall/F-score:  (0.08208722556744828, 0.12315644563748973, 0.0984094165669692, None)
Accuracy:  0.7931208265087565
Confusion Metric: 
 [[3029  219    4  248   16    6   22]
 [ 227 1448   21   28    6    1    2]
 [  12   50  258    2    0    1    0]
 [ 363   68    0 1128    5    2   12]
 [ 129   83    1   61   39    1    2]
 [  13    0    1    1    0  191    1]
 [  23    3    0    7    1    0  202]]
Macro Precision/Recall/F-score:  (0.8010971711019311, 0.7294107166069287, 0.7430175098968845, None)

epoch 19/30
ex_result
Accuracy:  0.373188862290538
Confusion Metric: 
 [[2836  653   55    0    0    0    0]
 [1595  123   15    0    0    0    0]
 [ 313    7    3    0    0    0    0]
 [ 473 1093   12    0    0    0    0]
 [ 152  157    7    0    0    0    0]
 [  13    3  191    0    0    0    0]
 [  17   17  202    0    0    0    0]]
Macro Precision/Recall/F-score:  (0.08448290716488562, 0.1257841209809958, 0.10094872006383901, None)
Accuracy:  0.7923648733778506
Confusion Metric: 
 [[3104  193    3  190   24    6   24]
 [ 233 1430   31   18   14    1    6]
 [  12   40  269    1    0    1    0]
 [ 452   66    0 1033   19    1    7]
 [ 137   80    1   41   53    1    3]
 [  11    0    1    1    0  191    3]
 [  20    2    1    3    1    0  209]]
Macro Precision/Recall/F-score:  (0.7872140072272941, 0.7377812407552949, 0.7501167299947403, None)

epoch 20/30
ex_result
Accuracy:  0.37029104195539875
Confusion Metric: 
 [[2812  688   44    0    0    0    0]
 [1593  126   14    0    0    0    0]
 [ 314    8    1    0    0    0    0]
 [ 464 1103   11    0    0    0    0]
 [ 150  160    6    0    0    0    0]
 [  13    2  192    0    0    0    0]
 [  23   16  197    0    0    0    0]]
Macro Precision/Recall/F-score:  (0.08368748351781038, 0.12417942707260785, 0.0998885636527131, None)
Accuracy:  0.7943807483935996
Confusion Metric: 
 [[3066  195    3  227   29    4   20]
 [ 219 1441   27   26   15    2    3]
 [   9   54  257    2    0    1    0]
 [ 405   54    0 1094   18    1    6]
 [ 135   70    1   52   55    1    2]
 [  12    0    1    1    0  191    2]
 [  25    2    0    7    1    0  201]]
Macro Precision/Recall/F-score:  (0.7901903145812288, 0.7334327636364247, 0.7512513158387071, None)

epoch 21/30
ex_result
Accuracy:  0.37646465919113015
Confusion Metric: 
 [[2891  603   50    0    0    0    0]
 [1623   95   15    0    0    0    0]
 [ 314    7    2    0    0    0    0]
 [ 526 1041   11    0    0    0    0]
 [ 165  145    6    0    0    0    0]
 [  11    2  194    0    0    0    0]
 [  24   14  198    0    0    0    0]]
Macro Precision/Recall/F-score:  (0.08207769907633507, 0.12525072939049237, 0.09896119301043697, None)
Accuracy:  0.7938767796396623
Confusion Metric: 
 [[3063  230    3  186   27   11   24]
 [ 184 1488   29   15   12    3    2]
 [  12   46  262    1    1    1    0]
 [ 439   72    0 1038   18    3    8]
 [ 131   92    1   37   52    1    2]
 [   7    0    1    1    0  195    3]
 [  23    4    0    4    1    1  203]]
Macro Precision/Recall/F-score:  (0.7818587129454411, 0.7369428482918666, 0.7470016175319595, None)

epoch 22/30
ex_result
Accuracy:  0.37281088572508503
Confusion Metric: 
 [[2831  675   38    0    0    0    0]
 [1594  126   13    0    0    0    0]
 [ 314    7    2    0    0    0    0]
 [ 491 1078    9    0    0    0    0]
 [ 153  157    6    0    0    0    0]
 [  15    4  188    0    0    0    0]
 [  21   22  193    0    0    0    0]]
Macro Precision/Recall/F-score:  (0.08396777698677106, 0.12538759122219306, 0.10045291219638264, None)
Accuracy:  0.7945067405820839
Confusion Metric: 
 [[3107  203    3  178   29    7   17]
 [ 211 1463   25   18   11    2    3]
 [  13   47  261    1    0    1    0]
 [ 459   70    0 1028   17    2    2]
 [ 135   82    1   36   58    1    3]
 [  12    1    0    0    0  192    2]
 [  23    3    0   11    1    1  197]]
Macro Precision/Recall/F-score:  (0.798149530924451, 0.7323181693276409, 0.7525991105382933, None)

epoch 23/30
ex_result
Accuracy:  0.3797404560917223
Confusion Metric: 
 [[2900  597   47    0    0    0    0]
 [1605  112   16    0    0    0    0]
 [ 314    7    2    0    0    0    0]
 [ 523 1043   12    0    0    0    0]
 [ 163  147    6    0    0    0    0]
 [  13    2  192    0    0    0    0]
 [  22   14  200    0    0    0    0]]
Macro Precision/Recall/F-score:  (0.08370698042302946, 0.12701488398351404, 0.10068338426144612, None)
Accuracy:  0.7943807483935996
Confusion Metric: 
 [[3103  212    4  170   23    8   24]
 [ 214 1451   30   22    9    1    6]
 [  10   45  265    1    1    1    0]
 [ 457   58    1 1036   17    2    7]
 [ 135   78    2   45   52    1    3]
 [  10    0    1    0    0  193    3]
 [  21    5    0    5    0    0  205]]
Macro Precision/Recall/F-score:  (0.7897462055706898, 0.736481371312767, 0.7486726690066959, None)

epoch 24/30
ex_result
Accuracy:  0.3787325185838478
Confusion Metric: 
 [[2913  586   45    0    0    0    0]
 [1629   91   13    0    0    0    0]
 [ 314    7    2    0    0    0    0]
 [ 524 1042   12    0    0    0    0]
 [ 174  136    6    0    0    0    0]
 [  13    3  191    0    0    0    0]
 [  24   12  200    0    0    0    0]]
Macro Precision/Recall/F-score:  (0.08196599005288545, 0.1258078063567112, 0.09903326405516545, None)
Accuracy:  0.7945067405820839
Confusion Metric: 
 [[3122  182    3  174   22    8   33]
 [ 248 1425   26   18    9    3    4]
 [  12   48  260    1    1    1    0]
 [ 442   61    1 1044   20    2    8]
 [ 142   79    1   36   53    1    4]
 [   8    1    0    0    0  195    3]
 [  21    3    0    5    0    0  207]]
Macro Precision/Recall/F-score:  (0.7880738433437546, 0.7366598127352598, 0.7480756720799526, None)

epoch 25/30
ex_result
Accuracy:  0.37369283104447526
Confusion Metric: 
 [[2850  653   41    0    0    0    0]
 [1607  114   12    0    0    0    0]
 [ 313    8    2    0    0    0    0]
 [ 490 1079    9    0    0    0    0]
 [ 163  147    6    0    0    0    0]
 [  14    5  188    0    0    0    0]
 [  23   18  195    0    0    0    0]]
Macro Precision/Recall/F-score:  (0.08324530624106949, 0.12516427197573513, 0.09984190488579688, None)
Accuracy:  0.7967745999748016
Confusion Metric: 
 [[3035  217    4  219   46    6   17]
 [ 204 1451   30   26   18    2    2]
 [  10   48  262    1    1    1    0]
 [ 388   48    0 1106   32    1    3]
 [ 115   76    1   41   79    1    3]
 [  13    0    1    0    0  190    3]
 [  21    2    1   10    1    0  201]]
Macro Precision/Recall/F-score:  (0.7890376937254036, 0.7464650565269048, 0.7629577190694538, None)

epoch 26/30
ex_result
Accuracy:  0.3857880811389694
Confusion Metric: 
 [[2990  520   34    0    0    0    0]
 [1650   71   12    0    0    0    0]
 [ 315    7    1    0    0    0    0]
 [ 595  976    7    0    0    0    0]
 [ 184  127    5    0    0    0    0]
 [  15    3  189    0    0    0    0]
 [  27   16  193    0    0    0    0]]
Macro Precision/Recall/F-score:  (0.08017227474885434, 0.1268206929524415, 0.09791033755995322, None)
Accuracy:  0.7943807483935996
Confusion Metric: 
 [[3124  219    3  154   18    7   19]
 [ 222 1460   27   13    6    2    3]
 [  10   46  266    0    0    1    0]
 [ 482   68    0 1003   22    2    1]
 [ 135   87    2   31   58    1    2]
 [  12    1    0    1    0  190    3]
 [  21    5    0    5    1    0  204]]
Macro Precision/Recall/F-score:  (0.8064586629532396, 0.7355613058874537, 0.7550758564830529, None)

epoch 27/30
ex_result
Accuracy:  0.3919616983747008
Confusion Metric: 
 [[3024  487   33    0    0    0    0]
 [1634   85   14    0    0    0    0]
 [ 313    8    2    0    0    0    0]
 [ 576  993    9    0    0    0    0]
 [ 176  133    7    0    0    0    0]
 [  15    3  189    0    0    0    0]
 [  23   15  198    0    0    0    0]]
Macro Precision/Recall/F-score:  (0.08266251329492237, 0.1297875688553784, 0.1006157155449899, None)
Accuracy:  0.7958926546554114
Confusion Metric: 
 [[3100  218    7  173   27    4   15]
 [ 209 1463   33   18    7    2    1]
 [   8   41  273    0    0    1    0]
 [ 460   66    0 1026   23    0    3]
 [ 129   74    4   38   68    1    2]
 [  18    1    1    1    0  184    2]
 [  23    2    1    6    1    0  203]]
Macro Precision/Recall/F-score:  (0.8049853743273837, 0.7397940352993346, 0.7603825546228206, None)

epoch 28/30
ex_result
Accuracy:  0.37923648733778503
Confusion Metric: 
 [[2915  593   36    0    0    0    0]
 [1625   93   15    0    0    0    0]
 [ 314    7    2    0    0    0    0]
 [ 501 1068    9    0    0    0    0]
 [ 168  142    6    0    0    0    0]
 [  15    3  189    0    0    0    0]
 [  21   16  199    0    0    0    0]]
Macro Precision/Recall/F-score:  (0.08244970703659728, 0.12605329238182492, 0.09949602642361026, None)
Accuracy:  0.7950107093360211
Confusion Metric: 
 [[3011  236    3  247   22    7   18]
 [ 195 1482   24   20    7    2    3]
 [   8   49  263    2    0    1    0]
 [ 385   61    0 1113   15    2    2]
 [ 118   89    1   58   46    1    3]
 [  14    2    0    0    0  189    2]
 [  19    3    0    7    1    0  206]]
Macro Precision/Recall/F-score:  (0.7954918230440973, 0.73654693646764, 0.7508492350938888, None)

epoch 29/30
ex_result
Accuracy:  0.3724329091596321
Confusion Metric: 
 [[2833  683   28    0    0    0    0]
 [1599  121   13    0    0    0    0]
 [ 313    8    2    0    0    0    0]
 [ 477 1091   10    0    0    0    0]
 [ 160  151    5    0    0    0    0]
 [  14    2  191    0    0    0    0]
 [  23   18  195    0    0    0    0]]
Macro Precision/Recall/F-score:  (0.08366229378995098, 0.12505604320229813, 0.10013380709382384, None)
Accuracy:  0.7958926546554114
Confusion Metric: 
 [[3062  216    4  221   30    2    9]
 [ 215 1450   21   33   13    1    0]
 [  12   47  261    2    0    1    0]
 [ 403   58    0 1094   20    1    2]
 [ 127   76    0   47   63    1    2]
 [  16    2    0    1    0  187    1]
 [  24    2    0    9    1    0  200]]
Macro Precision/Recall/F-score:  (0.8095018263925936, 0.7360333400971873, 0.7621197770139345, None)

best_epoch:  25 0.7629577190694538 0.7967745999748016


valid f1:  0.7664519122583209 [0.7666757880724256, 0.7697222296330832, 0.7629577190694538]
valid acc: 0.7996724203099408 [0.7989164671790349, 0.8033261937759859, 0.7967745999748016]
