['/home/lizhuoqun/SE_type_code', '/home/lizhuoqun/anconda/envs/py38/lib/python38.zip', '/home/lizhuoqun/anconda/envs/py38/lib/python3.8', '/home/lizhuoqun/anconda/envs/py38/lib/python3.8/lib-dynload', '/home/lizhuoqun/anconda/envs/py38/lib/python3.8/site-packages', '/home/lizhuoqun/SE_type_code/tools', '/home/lizhuoqun/SE_type_code/data', '/home/lizhuoqun/SE_type_code/models', '/home/lizhuoqun/SE_type_code/pre_train']
sentence level BiLSTM
Namespace(BATCH_SIZE=128, DROPOUT=0.5, EPOCHs=30, IF_USE_EX_INITIAL=0, LEARN_RATE=0.001)


time= 1230
use 343 from author
Loading Data...
len(test_X):  981
len(train_X):  3803
from paragraph to sentence
len(data_list):  9436
from paragraph to sentence
len(data_list):  38467


epoch 0/30
Accuracy:  0.7126118180672798
Confusion Metric: 
 [[2713  455    6  311    0   10   49]
 [ 168 1478   14   60    0    1   12]
 [  21   91  210    0    0    1    0]
 [ 502  150    1  900    0    2   23]
 [ 117  110    1   75    0    1   12]
 [  24    6    1    2    0  161   13]
 [  23    9    1    9    0    0  194]]
Macro Precision/Recall/F-score:  (0.6455655038163182, 0.6340977408641965, 0.6319972647209603, None)


epoch 1/30
Accuracy:  0.7378102557641426
Confusion Metric: 
 [[2792  304    3  390    7   13   35]
 [ 179 1455   13   71    2    2   11]
 [  19   69  233    1    0    1    0]
 [ 450  102    1  999    3    7   16]
 [ 109   93    1   92    8    2   11]
 [  23    2    1    1    0  175    5]
 [  19    5    1   16    0    1  194]]
Macro Precision/Recall/F-score:  (0.7193406402370953, 0.6677997111808994, 0.6669854606655807, None)


epoch 2/30
Accuracy:  0.7448658183192642
Confusion Metric: 
 [[2798  287    3  373   20   20   43]
 [ 161 1452   14   78    7    4   17]
 [  13   67  240    2    0    1    0]
 [ 428   97    2 1014    8   10   19]
 [ 104   80    1   86   29    2   14]
 [  19    2    1    2    0  178    5]
 [  16    6    1   11    0    1  201]]
Macro Precision/Recall/F-score:  (0.7189829394965793, 0.6880495536015598, 0.6830084814021372, None)


epoch 3/30
Accuracy:  0.7444878417538112
Confusion Metric: 
 [[2753  289    5  386   32   23   56]
 [ 149 1456   18   74   12    6   18]
 [   9   70  241    2    0    1    0]
 [ 409   99    2 1028   10    8   22]
 [  92   79    1   84   43    2   15]
 [  18    1    0    1    0  182    5]
 [  12    6    1   10    0    1  206]]
Macro Precision/Recall/F-score:  (0.710693410764471, 0.7003913384568025, 0.6895564778074219, None)


epoch 4/30
Accuracy:  0.7500314980471211
Confusion Metric: 
 [[2760  285    5  385   35   18   56]
 [ 146 1460   18   71   14    5   19]
 [   6   69  246    1    0    1    0]
 [ 385  100    4 1048   13    7   21]
 [  86   76    1   84   52    2   15]
 [  16    1    1    1    0  182    6]
 [  15    5    0   11    0    0  205]]
Macro Precision/Recall/F-score:  (0.7183332935694848, 0.7084886495129866, 0.6996627446775147, None)


epoch 5/30
Accuracy:  0.7465037167695603
Confusion Metric: 
 [[2692  270    8  465   43   18   48]
 [ 149 1442   24   77   18    5   18]
 [   5   66  249    1    1    1    0]
 [ 343   93    3 1101   18    3   17]
 [  78   76    1   86   59    2   14]
 [  17    1    1    5    0  177    6]
 [  15    4    0   11    1    0  205]]
Macro Precision/Recall/F-score:  (0.7145977441720496, 0.7101026612401408, 0.702743119182114, None)


epoch 6/30
Accuracy:  0.7501574902356054
Confusion Metric: 
 [[2765  253    8  420   37   17   44]
 [ 169 1435   23   69   16    5   16]
 [   5   71  245    1    0    1    0]
 [ 369   94    3 1075   17    5   15]
 [  89   78    1   80   56    2   10]
 [  16    2    1    3    0  179    6]
 [  17    5    0   13    1    1  199]]
Macro Precision/Recall/F-score:  (0.7207422655433471, 0.7047373667169985, 0.7025401139641906, None)


epoch 7/30
Accuracy:  0.748015623031372
Confusion Metric: 
 [[2732  265    8  454   31   12   42]
 [ 161 1432   18   88   14    3   17]
 [   6   72  243    1    0    1    0]
 [ 351   90    3 1108   12    2   12]
 [  93   80    1   88   44    1    9]
 [  16    3    1    4    0  176    7]
 [  14    5    1   13    1    0  202]]
Macro Precision/Recall/F-score:  (0.7275666298059866, 0.6995834252531459, 0.7001781166334311, None)


epoch 8/30
Accuracy:  0.7365503338792995
Confusion Metric: 
 [[2599  286    6  580   27    9   37]
 [ 147 1451   16   93   10    3   13]
 [   9   77  235    1    0    1    0]
 [ 306   87    3 1161    7    3   11]
 [  90   80    0  101   37    1    7]
 [  20    3    1    6    1  169    7]
 [  17    6    1   17    1    0  194]]
Macro Precision/Recall/F-score:  (0.7299373065786521, 0.6842102564119339, 0.6893358207099319, None)


epoch 9/30
Accuracy:  0.7259669900466171
Confusion Metric: 
 [[2407  389    8  652   36   13   39]
 [  95 1517   16   74   14    3   14]
 [   8   78  236    1    0    0    0]
 [ 254  112    3 1183    9    4   13]
 [  71   96    0   93   44    1   11]
 [  12    3    1    5    1  178    7]
 [  11    5    1   20    1    1  197]]
Macro Precision/Recall/F-score:  (0.7165367715883398, 0.6955370953163442, 0.6897187946300349, None)


epoch 10/30
Accuracy:  0.7341564822980975
Confusion Metric: 
 [[2558  396    5  520   21   12   32]
 [ 108 1522   13   66    8    3   13]
 [   8   79  234    1    0    1    0]
 [ 325  117    3 1110    6    4   13]
 [  82  102    0   88   32    1   11]
 [  15    3    1    5    1  175    7]
 [  14    5    1   18    0    2  196]]
Macro Precision/Recall/F-score:  (0.7294741858100944, 0.686442042165849, 0.6861693787230454, None)


epoch 11/30
Accuracy:  0.7475116542774348
Confusion Metric: 
 [[2957  184    5  312   45    5   36]
 [ 248 1352   15   77   27    3   11]
 [  11   72  237    1    1    1    0]
 [ 511   72    3  963   19    3    7]
 [ 115   59    0   72   59    1   10]
 [  24    1    1    5    2  168    6]
 [  21    2    1   14    1    0  197]]
Macro Precision/Recall/F-score:  (0.7367799125634757, 0.6845112986817595, 0.703130113124563, None)


epoch 12/30
Accuracy:  0.735920372936878
Confusion Metric: 
 [[3083  154    5  177   57    8   60]
 [ 280 1300   21   45   60    3   24]
 [  16   62  243    1    1    0    0]
 [ 679   81    3  759   34    1   21]
 [ 126   54    0   38   82    1   15]
 [  26    2    1    1    3  166    8]
 [  17    3    0    6    2    0  208]]
Macro Precision/Recall/F-score:  (0.7190081210662174, 0.6851653995083585, 0.6916692078563439, None)


epoch 13/30
Accuracy:  0.7397001385914074
Confusion Metric: 
 [[3025  215    9  200   48    9   38]
 [ 237 1367   29   45   38    3   14]
 [  13   64  245    1    0    0    0]
 [ 637  102    3  807   18    2    9]
 [ 126   67    1   47   66    1    8]
 [  31    2    1    2    3  161    7]
 [  23    4    1    8    0    0  200]]
Macro Precision/Recall/F-score:  (0.7265178483623724, 0.6780539692360487, 0.6935133478373554, None)


epoch 14/30
Accuracy:  0.7419679979841249
Confusion Metric: 
 [[2853  231    5  348   59   11   37]
 [ 216 1377   19   68   39    3   11]
 [  15   68  238    1    1    0    0]
 [ 467   88    3  989   19    3    9]
 [ 110   69    0   63   64    1    9]
 [  21    2    1    4    3  169    7]
 [  18    3    1   14    1    0  199]]
Macro Precision/Recall/F-score:  (0.7223136057501222, 0.6893371966033098, 0.7010488526654933, None)


epoch 15/30
Accuracy:  0.7339044979211289
Confusion Metric: 
 [[2729  212    9  481   59    9   45]
 [ 203 1310   31  108   58    4   19]
 [  13   61  247    2    0    0    0]
 [ 366   73    3 1100   23    2   11]
 [  93   60    1   82   67    1   12]
 [  20    3    1    8    3  165    7]
 [  12    2    1   14    0    0  207]]
Macro Precision/Recall/F-score:  (0.7042281566328255, 0.6962835241107884, 0.6958419568607864, None)


epoch 16/30
Accuracy:  0.7330225526017387
Confusion Metric: 
 [[2692  211    6  523   67   10   35]
 [ 199 1341   18  106   56    2   11]
 [  14   73  233    2    0    1    0]
 [ 353   61    3 1126   26    2    7]
 [  92   60    0   82   73    1    8]
 [  31    2    1    6    3  157    7]
 [  15    4    1   19    1    0  196]]
Macro Precision/Recall/F-score:  (0.7177780032859362, 0.6840421817452553, 0.6965595558466238, None)


epoch 17/30
Accuracy:  0.720675318130276
Confusion Metric: 
 [[2511  224    6  721   49    6   27]
 [ 170 1349   16  135   52    2    9]
 [  18   72  230    2    1    0    0]
 [ 271   63    3 1209   23    2    7]
 [  86   55    1  103   64    1    6]
 [  17    4    1   10    3  166    6]
 [  14    5    1   24    1    0  191]]
Macro Precision/Recall/F-score:  (0.7229429731732216, 0.6827086310360977, 0.6952542710100988, None)


epoch 18/30
Accuracy:  0.7003905757843014
Confusion Metric: 
 [[2283  245    6  886   86    6   32]
 [ 142 1330   23  145   78    3   12]
 [  14   66  240    2    1    0    0]
 [ 217   55    3 1270   25    2    6]
 [  69   52    1  105   82    1    6]
 [  19    5    1   11    3  162    6]
 [  12    4    1   25    2    0  192]]
Macro Precision/Recall/F-score:  (0.708668949997661, 0.6878792294492667, 0.6902526827748073, None)


epoch 19/30
Accuracy:  0.7255890134811641
Confusion Metric: 
 [[2690  153    9  572   69    8   43]
 [ 258 1231   33  131   61    4   15]
 [  18   54  248    2    1    0    0]
 [ 338   45    3 1150   30    2   10]
 [  99   42    2   89   75    1    8]
 [  23    2    1    7    3  163    8]
 [  15    3    0   15    1    0  202]]
Macro Precision/Recall/F-score:  (0.7062329406951301, 0.6923777567317575, 0.695071809917253, None)


epoch 20/30
Accuracy:  0.7339044979211289
Confusion Metric: 
 [[2908  135    6  428   39    5   23]
 [ 329 1190   35  123   38    4   14]
 [  24   49  247    2    1    0    0]
 [ 432   40    3 1079   15    2    7]
 [ 118   39    2   91   61    1    4]
 [  30    2    1    8    3  157    6]
 [  27    3    1   21    1    0  183]]
Macro Precision/Recall/F-score:  (0.7297677034509473, 0.6689444141770355, 0.6920281003336538, None)


epoch 21/30
Accuracy:  0.7370543026332368
Confusion Metric: 
 [[2917  149    8  403   32    8   27]
 [ 329 1223   34   97   35    3   12]
 [  19   49  252    2    1    0    0]
 [ 443   54    3 1054   15    2    7]
 [ 123   47    2   83   56    1    4]
 [  26    2    1    7    3  162    6]
 [  26    3    1   19    1    0  186]]
Macro Precision/Recall/F-score:  (0.7290057750140811, 0.6749818903147725, 0.6945330269896542, None)


epoch 22/30
Accuracy:  0.7369283104447524
Confusion Metric: 
 [[2936  162    7  365   40    9   25]
 [ 305 1250   32   92   43    3    8]
 [  20   51  249    2    1    0    0]
 [ 474   53    3 1018   22    2    6]
 [ 123   51    1   79   57    1    4]
 [  32    2    1    7    3  156    6]
 [  29    4    1   16    3    0  183]]
Macro Precision/Recall/F-score:  (0.7248333032203214, 0.6678828423761267, 0.691080399213705, None)


epoch 23/30
Accuracy:  0.7425979589265466
Confusion Metric: 
 [[2913  219    9  314   56    9   24]
 [ 220 1355   38   59   48    3   10]
 [  18   57  246    1    1    0    0]
 [ 491   82    3  967   24    2    9]
 [ 114   61    3   62   71    1    4]
 [  31    2    1    7    3  157    6]
 [  28    4    1   14    4    0  185]]
Macro Precision/Recall/F-score:  (0.7220352004128748, 0.6778972290935287, 0.6966285829269071, None)


epoch 24/30
Accuracy:  0.7417160136071563
Confusion Metric: 
 [[2857  264    8  331   53    7   24]
 [ 206 1394   31   58   33    2    9]
 [  17   49  255    1    1    0    0]
 [ 463   92    3  984   29    2    5]
 [ 115   68    2   68   57    1    5]
 [  25    3    1    9    2  162    5]
 [  31    6    1   19    1    0  178]]
Macro Precision/Recall/F-score:  (0.7244849166834336, 0.6772586085139262, 0.6964890219687225, None)


epoch 25/30
Accuracy:  0.7410860526647348
Confusion Metric: 
 [[2855  242    9  333   68    9   28]
 [ 202 1373   32   57   56    2   11]
 [  18   48  255    1    1    0    0]
 [ 470   88    3  972   36    2    7]
 [ 112   60    3   58   77    1    5]
 [  30    3    1    5    3  158    7]
 [  22    6    1   13    2    0  192]]
Macro Precision/Recall/F-score:  (0.7202724010461319, 0.6891161642100153, 0.7024661080770487, None)


epoch 26/30
Accuracy:  0.7414640292301877
Confusion Metric: 
 [[2770  278    8  379   76    8   25]
 [ 161 1432   26   59   44    4    7]
 [  15   61  245    1    1    0    0]
 [ 395  106    3 1026   40    2    6]
 [ 102   69    2   64   74    1    4]
 [  32    3    1    6    3  156    6]
 [  24    7    1   18    4    0  182]]
Macro Precision/Recall/F-score:  (0.7214902030663983, 0.6822294787838041, 0.6992405467154974, None)


epoch 27/30
Accuracy:  0.7403300995338289
Confusion Metric: 
 [[2795  285    9  346   79    7   23]
 [ 169 1434   32   50   40    2    6]
 [  14   55  252    1    1    0    0]
 [ 431  110    3  979   47    2    6]
 [ 102   72    2   59   76    1    4]
 [  28    2    1    6    3  162    5]
 [  28    8    1   17    3    1  178]]
Macro Precision/Recall/F-score:  (0.7224537372102169, 0.6848667647876033, 0.7014076693279765, None)


epoch 28/30
Accuracy:  0.7448658183192642
Confusion Metric: 
 [[2837  256    9  338   76    8   20]
 [ 181 1424   29   52   40    2    5]
 [  18   55  248    1    1    0    0]
 [ 443   93    3  987   46    2    4]
 [ 105   63    2   61   81    1    3]
 [  28    2    1    5    3  164    4]
 [  31    7    1   20    4    2  171]]
Macro Precision/Recall/F-score:  (0.730545915125788, 0.6840939200053179, 0.7049971969134345, None)


epoch 29/30
Accuracy:  0.7428499433035152
Confusion Metric: 
 [[2910  254   11  277   62    6   24]
 [ 189 1417   34   40   44    2    7]
 [  17   52  253    1    0    0    0]
 [ 517   98    3  900   51    2    7]
 [ 114   62    3   57   76    1    3]
 [  34    2    1    4    2  159    5]
 [  30    6    1   14    3    1  181]]
Macro Precision/Recall/F-score:  (0.7260400397067014, 0.6811369570485711, 0.7003162211661856, None)

time=1230, best_epoch:  28 0.7049971969134345 0.7448658183192642


time= 1231
use 343 from author
Loading Data...
len(test_X):  981
len(train_X):  3803
from paragraph to sentence
len(data_list):  9436
from paragraph to sentence
len(data_list):  38467


epoch 0/30
Accuracy:  0.7180294821721054
Confusion Metric: 
 [[2873  354    6  280    0   15   16]
 [ 261 1403   20   40    0    3    6]
 [  23   64  234    0    0    2    0]
 [ 568  134    2  857    0    4   13]
 [ 145  101    1   63    0    1    5]
 [  24    2    0    4    0  169    8]
 [  46    7    1   18    0    1  163]]
Macro Precision/Recall/F-score:  (0.6590328112739591, 0.6278426418224777, 0.6396398650867235, None)


epoch 1/30
Accuracy:  0.7389441854605014
Confusion Metric: 
 [[2817  366    5  310   14   14   18]
 [ 156 1497   19   45    1    3   12]
 [  17   59  243    3    0    1    0]
 [ 454  156    3  934    8    8   15]
 [ 113  117    1   68   11    1    5]
 [  21    2    0    2    0  177    5]
 [  26    8    1   14    0    1  186]]
Macro Precision/Recall/F-score:  (0.7130618265919147, 0.668701879515062, 0.6713715982639151, None)


epoch 2/30
Accuracy:  0.743983872999874
Confusion Metric: 
 [[2849  357    8  266   35   11   18]
 [ 140 1514   24   37    5    5    8]
 [  14   54  252    1    1    1    0]
 [ 489  159    4  891   21    4   10]
 [ 108  110    1   56   35    1    5]
 [  16    2    0    3    0  181    5]
 [  28    9    1   11    0    4  183]]
Macro Precision/Recall/F-score:  (0.7251593319990857, 0.683275335552717, 0.691657340528553, None)


epoch 3/30
Accuracy:  0.748771576162278
Confusion Metric: 
 [[2891  306    7  269   42   11   18]
 [ 156 1493   22   39   11    5    7]
 [  13   57  250    1    1    1    0]
 [ 487  143    4  902   26    5   11]
 [ 102   98    1   60   50    1    4]
 [  18    2    0    3    0  179    5]
 [  30    9    1   13    0    5  178]]
Macro Precision/Recall/F-score:  (0.7308347583545861, 0.6857228037772269, 0.6989279598883623, None)


epoch 4/30
Accuracy:  0.7525513418168074
Confusion Metric: 
 [[2923  279    7  261   46   11   17]
 [ 178 1461   25   39   18    5    7]
 [  12   56  250    2    2    1    0]
 [ 481  133    4  916   30    4   10]
 [ 102   80    1   61   67    1    4]
 [  19    2    0    3    0  179    4]
 [  31    6    0   14    3    5  177]]
Macro Precision/Recall/F-score:  (0.7376111438500726, 0.692722293207456, 0.7087271490435206, None)


epoch 5/30
Accuracy:  0.7536852715131662
Confusion Metric: 
 [[2922  266    6  268   50   14   18]
 [ 191 1446   25   39   19    5    8]
 [  11   57  250    2    2    1    0]
 [ 470  126    3  934   32    4    9]
 [ 100   76    1   58   75    2    4]
 [  20    2    0    2    0  179    4]
 [  28    5    0   15    5    7  176]]
Macro Precision/Recall/F-score:  (0.736511201536708, 0.6960863409144636, 0.7110614083083459, None)


epoch 6/30
Accuracy:  0.7521733652513544
Confusion Metric: 
 [[2924  253    6  279   51   14   17]
 [ 199 1432   25   40   24    6    7]
 [  12   61  245    2    2    1    0]
 [ 466  129    2  936   32    4    9]
 [  97   77    1   55   81    2    3]
 [  19    2    0    1    0  181    4]
 [  30    9    1   13    4    8  171]]
Macro Precision/Recall/F-score:  (0.736664416958039, 0.6940486473802616, 0.7103925680949527, None)


epoch 7/30
Accuracy:  0.7511654277434799
Confusion Metric: 
 [[2943  209    6  298   60   15   13]
 [ 236 1386   24   45   30    5    7]
 [  11   63  242    2    3    2    0]
 [ 461  104    2  960   40    4    7]
 [ 101   68    1   58   83    2    3]
 [  20    2    0    3    0  179    3]
 [  31    4    0   15    7   10  169]]
Macro Precision/Recall/F-score:  (0.7339469870419574, 0.6901817201555849, 0.7085815339875083, None)


epoch 8/30
Accuracy:  0.7446138339422956
Confusion Metric: 
 [[2904  174    7  373   61   13   12]
 [ 277 1318   25   62   36    6    9]
 [  15   60  241    2    3    2    0]
 [ 429   82    2 1013   42    4    6]
 [ 105   59    1   62   83    2    4]
 [  19    1    0    3    0  181    3]
 [  29    4    0   18    5   10  170]]
Macro Precision/Recall/F-score:  (0.7290471898019525, 0.6893455969665612, 0.706564043909181, None)


epoch 9/30
Accuracy:  0.7303767166435681
Confusion Metric: 
 [[2922  120    6  422   52   10   12]
 [ 389 1165   27   88   49    6    9]
 [  19   55  243    2    3    1    0]
 [ 423   54    2 1058   32    4    5]
 [ 117   54    1   74   65    2    3]
 [  23    1    0    2    0  178    3]
 [  32    5    0   20    4    9  166]]
Macro Precision/Recall/F-score:  (0.7221134833202034, 0.669788157985736, 0.6916190539254828, None)


epoch 10/30
Accuracy:  0.7424719667380623
Confusion Metric: 
 [[2901  197    5  364   54   10   13]
 [ 265 1318   26   65   46    6    7]
 [  11   61  244    2    3    2    0]
 [ 440   94    1 1003   30    4    6]
 [ 107   67    1   66   70    2    3]
 [  21    2    0    4    1  176    3]
 [  26    5    0   14    4    6  181]]
Macro Precision/Recall/F-score:  (0.729614685806845, 0.6869771153331953, 0.7054667992789978, None)


epoch 11/30
Accuracy:  0.7457477636386544
Confusion Metric: 
 [[3007  242    4  228   44    6   13]
 [ 219 1425   16   42   21    4    6]
 [  10   71  237    2    2    1    0]
 [ 573  127    1  844   23    4    6]
 [ 117   80    1   56   58    1    3]
 [  31    1    0    3    0  169    3]
 [  34    6    0    8    4    5  179]]
Macro Precision/Recall/F-score:  (0.747913949769397, 0.6711134555513077, 0.6998989435365773, None)


epoch 12/30
Accuracy:  0.7360463651253623
Confusion Metric: 
 [[3190  179    5  131   21    8   10]
 [ 329 1335   14   34   10    4    7]
 [  18   74  228    2    0    1    0]
 [ 739  105    1  714   11    4    4]
 [ 160   69    1   44   37    2    3]
 [  31    1    0    2    0  170    3]
 [  49    6    0    6    2    5  168]]
Macro Precision/Recall/F-score:  (0.7623705977336684, 0.6398594579652233, 0.6762494181138123, None)


epoch 13/30
Accuracy:  0.7459997480156231
Confusion Metric: 
 [[3004  204    3  269   40   12   12]
 [ 266 1362   14   64   15    4    8]
 [  17   69  232    3    1    1    0]
 [ 522  100    2  928   15    5    6]
 [ 123   73    2   60   53    2    3]
 [  26    1    0    3    0  174    3]
 [  42    7    0   12    3    4  168]]
Macro Precision/Recall/F-score:  (0.7471085055696568, 0.6657240344239682, 0.6952194191252545, None)


epoch 14/30
Accuracy:  0.7390701776489857
Confusion Metric: 
 [[2830  225    3  406   53   13   14]
 [ 232 1383   14   70   22    4    8]
 [  15   72  229    3    3    1    0]
 [ 436   92    2 1017   20    5    6]
 [ 114   72    1   69   56    1    3]
 [  21    1    0    4    1  176    4]
 [  36    5    0   13    3    4  175]]
Macro Precision/Recall/F-score:  (0.7326855699903294, 0.6741454279012115, 0.6967004003046405, None)


epoch 15/30
Accuracy:  0.7360463651253623
Confusion Metric: 
 [[3122  158    4  196   49    8    7]
 [ 336 1298   17   52   22    3    5]
 [  22   70  229    2    0    0    0]
 [ 637   90    2  821   24    1    3]
 [ 156   56    1   47   52    1    3]
 [  38    1    0    5    0  160    3]
 [  50    5    0   13    3    5  160]]
Macro Precision/Recall/F-score:  (0.7495430512069602, 0.6392346834408495, 0.6818325413256302, None)


epoch 16/30
Accuracy:  0.7214312712611818
Confusion Metric: 
 [[3205   98    6  161   48    6   20]
 [ 480 1114   17   59   49    3   11]
 [  27   53  235    3    4    1    0]
 [ 722   48    2  765   31    2    8]
 [ 163   44    1   41   62    1    4]
 [  37    2    0    2    0  162    4]
 [  38    2    0    9    4    0  183]]
Macro Precision/Recall/F-score:  (0.7392821924478171, 0.6448201869718171, 0.6806169909419332, None)


epoch 17/30
Accuracy:  0.7361723573138466
Confusion Metric: 
 [[3120  165    6  162   61    6   24]
 [ 309 1298   20   52   43    2    9]
 [  18   57  240    3    4    1    0]
 [ 686   78    3  761   39    3    8]
 [ 140   58    1   36   77    1    3]
 [  33    2    0    3    1  163    5]
 [  36    5    1    7    2    1  184]]
Macro Precision/Recall/F-score:  (0.7396662149455521, 0.6664875652563133, 0.6951337127468113, None)


epoch 18/30
Accuracy:  0.7413380370417034
Confusion Metric: 
 [[2846  206    9  371   73   11   28]
 [ 229 1343   21   85   42    3   10]
 [  14   61  242    3    2    1    0]
 [ 424   81    1 1023   36    4    9]
 [ 112   61    1   62   74    1    5]
 [  23    3    0    5    1  170    5]
 [  31    3    1    9    4    2  186]]
Macro Precision/Recall/F-score:  (0.7205630558316397, 0.6884411361633379, 0.7025792212042905, None)


epoch 19/30
Accuracy:  0.7427239511150309
Confusion Metric: 
 [[2738  327    7  390   40   15   27]
 [ 154 1466   17   65   18    2   11]
 [  10   72  237    2    1    1    0]
 [ 392  120    1 1039   11    5   10]
 [ 107   80    1   69   50    1    8]
 [  21    3    0    4    1  173    5]
 [  29    3    1    9    1    1  192]]
Macro Precision/Recall/F-score:  (0.7285551709015818, 0.6883165366025786, 0.6982063138894732, None)


epoch 20/30
Accuracy:  0.7355423963714249
Confusion Metric: 
 [[2744  399    6  317   39   13   26]
 [ 135 1507   14   52   15    2    8]
 [  12   81  227    2    0    1    0]
 [ 435  154    2  953   19    3   12]
 [ 100  101    1   61   47    1    5]
 [  21    5    0    4    1  171    5]
 [  26    7    1   10    2    1  189]]
Macro Precision/Recall/F-score:  (0.7269192734225723, 0.6751772378100961, 0.6894812490281935, None)


epoch 21/30
Accuracy:  0.7422199823610937
Confusion Metric: 
 [[2813  305    6  330   46   18   26]
 [ 170 1428   24   75   23    2   11]
 [  11   66  239    3    3    1    0]
 [ 443  100    1  993   25    5   11]
 [ 110   76    1   67   56    1    5]
 [  22    3    0    4    1  172    5]
 [  28    4    1    9    2    2  190]]
Macro Precision/Recall/F-score:  (0.7189313019520621, 0.6857391378553944, 0.6963946503221405, None)


epoch 22/30
Accuracy:  0.7398261307798917
Confusion Metric: 
 [[2852  307    6  275   62   18   24]
 [ 174 1434   29   57   27    2   10]
 [  13   61  243    2    3    1    0]
 [ 502  114    2  914   30    5   11]
 [ 110   76    1   54   69    1    5]
 [  21    4    0    4    1  173    4]
 [  26    6    1   10    2    4  187]]
Macro Precision/Recall/F-score:  (0.7176264769577694, 0.6871742153538701, 0.698137308719955, None)


epoch 23/30
Accuracy:  0.7340304901096132
Confusion Metric: 
 [[2782  326    7  315   74   15   25]
 [ 163 1428   31   63   34    3   11]
 [  14   60  243    2    3    1    0]
 [ 477  111    3  931   42    3   11]
 [ 106   71    1   53   80    1    4]
 [  22    4    0    5    1  171    4]
 [  24    4    1   10    3    3  191]]
Macro Precision/Recall/F-score:  (0.7135300333936906, 0.691410883446519, 0.7000733897022933, None)


epoch 24/30
Accuracy:  0.7368023182562681
Confusion Metric: 
 [[2876  301    5  268   62   13   19]
 [ 188 1428   23   53   31    2    8]
 [  14   63  240    2    3    1    0]
 [ 541  113    2  875   35    5    7]
 [ 116   72    1   50   72    1    4]
 [  22    3    0    4    1  173    4]
 [  30    4    1   10    2    5  184]]
Macro Precision/Recall/F-score:  (0.7262241356475136, 0.6823297663031066, 0.6997737793951213, None)


epoch 25/30
Accuracy:  0.7393221620259544
Confusion Metric: 
 [[2861  310    5  282   53   12   21]
 [ 186 1436   23   52   25    2    9]
 [  15   65  238    2    2    1    0]
 [ 517  115    2  901   30    4    9]
 [ 111   73    1   49   77    1    4]
 [  24    4    0    5    1  168    5]
 [  30    5    1    9    2    2  187]]
Macro Precision/Recall/F-score:  (0.734153170679579, 0.6844795418310329, 0.7037733485528445, None)


epoch 26/30
Accuracy:  0.7339044979211289
Confusion Metric: 
 [[2846  351   15  224   70   18   20]
 [ 165 1460   30   41   28    2    7]
 [  14   63  243    1    1    1    0]
 [ 551  132    3  837   41    6    8]
 [ 113   78    2   40   78    1    4]
 [  20    3    0    4    1  175    4]
 [  28    5    1   10    2    4  186]]
Macro Precision/Recall/F-score:  (0.7171431914151896, 0.6869484294897427, 0.6972601440968437, None)


epoch 27/30
Accuracy:  0.7368023182562681
Confusion Metric: 
 [[2915  265    6  275   52   15   16]
 [ 217 1398   27   52   28    4    7]
 [  15   65  236    4    2    1    0]
 [ 516  127    2  887   36    6    4]
 [ 118   76    1   59   58    1    3]
 [  20    1    0    4    1  178    3]
 [  32    4    1   13    4    6  176]]
Macro Precision/Recall/F-score:  (0.7198139671346487, 0.6730250008674148, 0.6911536107133645, None)


epoch 28/30
Accuracy:  0.7433539120574525
Confusion Metric: 
 [[2843  260    6  339   56   11   29]
 [ 191 1421   29   58   22    2   10]
 [  15   63  240    2    2    1    0]
 [ 455  114    2  961   30    4   12]
 [  99   74    1   60   74    1    7]
 [  25    3    0    5    1  167    6]
 [  21    4    1    9    4    3  194]]
Macro Precision/Recall/F-score:  (0.7242011832033304, 0.6910247811016258, 0.7031201500872566, None)


epoch 29/30
Accuracy:  0.7407080760992818
Confusion Metric: 
 [[2895  275    6  272   64   12   20]
 [ 197 1423   24   55   25    2    7]
 [  18   62  237    2    3    1    0]
 [ 525  107    3  892   35    5   11]
 [ 105   74    1   55   76    1    4]
 [  22    2    0    4    1  172    6]
 [  30    6    1   10    3    2  184]]
Macro Precision/Recall/F-score:  (0.7283811803905974, 0.684013840361958, 0.7019371439453027, None)

time=1231, best_epoch:  5 0.7110614083083459 0.7536852715131662


time= 1232
use 343 from author
Loading Data...
len(test_X):  981
len(train_X):  3803
from paragraph to sentence
len(data_list):  9436
from paragraph to sentence
len(data_list):  38467


epoch 0/30
Accuracy:  0.717903489983621
Confusion Metric: 
 [[2981  247    5  292    0    8   11]
 [ 351 1280   15   79    0    3    5]
 [  29   70  224    0    0    0    0]
 [ 586   81    1  899    0    2    9]
 [ 164   76    1   69    0    1    5]
 [  34    2    0    3    0  156   12]
 [  51    6    1   20    0    0  158]]
Macro Precision/Recall/F-score:  (0.6730677312866477, 0.6094378842954266, 0.6360922270271638, None)


epoch 1/30
Accuracy:  0.7422199823610937
Confusion Metric: 
 [[2974  249    3  286    8    9   15]
 [ 245 1397   10   71    0    4    6]
 [  25   64  233    0    0    1    0]
 [ 539   87    1  939    3    3    6]
 [ 149   80    1   75    6    1    4]
 [  34    2    0    4    0  160    7]
 [  34    5    0   15    0    0  182]]
Macro Precision/Recall/F-score:  (0.7398790623733081, 0.6464030360151911, 0.6678880577373066, None)


epoch 2/30
Accuracy:  0.7501574902356054
Confusion Metric: 
 [[2944  260    3  301   11    6   19]
 [ 202 1438   13   69    2    4    5]
 [  19   63  238    2    0    1    0]
 [ 484  101    1  978    7    1    6]
 [ 135   89    1   71   14    2    4]
 [  32    2    0    3    0  165    5]
 [  36    9    0   13    0    1  177]]
Macro Precision/Recall/F-score:  (0.750764535895266, 0.6583562780162225, 0.680173920394352, None)


epoch 3/30
Accuracy:  0.7555751543404309
Confusion Metric: 
 [[2992  227    3  284   13    6   19]
 [ 220 1423   12   66    3    4    5]
 [  17   68  235    2    0    1    0]
 [ 487   86    2  983    7    3   10]
 [ 134   84    1   72   18    2    5]
 [  33    1    0    1    0  166    6]
 [  32    9    0   14    0    1  180]]
Macro Precision/Recall/F-score:  (0.7543197892542628, 0.6624948722481646, 0.6843424903627726, None)


epoch 4/30
Accuracy:  0.75759102935618
Confusion Metric: 
 [[2962  259    3  282   13    7   18]
 [ 191 1449   16   65    2    4    6]
 [  14   67  239    2    0    1    0]
 [ 473   92    3  991    7    3    9]
 [ 131   87    1   69   21    2    5]
 [  32    1    0    1    0  168    5]
 [  28    9    0   15    0    1  183]]
Macro Precision/Recall/F-score:  (0.7599901522222335, 0.6704747085832711, 0.6897707146824452, None)


epoch 5/30
Accuracy:  0.752803326193776
Confusion Metric: 
 [[2945  262    7  282   15    8   25]
 [ 195 1436   19   68    3    4    8]
 [  14   62  243    2    1    1    0]
 [ 486   94    3  972    8    3   12]
 [ 127   88    1   66   26    2    6]
 [  32    2    0    2    0  165    6]
 [  26   10    0   11    0    1  188]]
Macro Precision/Recall/F-score:  (0.7489143630791759, 0.6719834989849184, 0.6874899685083165, None)


epoch 6/30
Accuracy:  0.7499055058586368
Confusion Metric: 
 [[2908  223    6  364   16    6   21]
 [ 209 1390   24   95    4    4    7]
 [  17   64  239    2    0    1    0]
 [ 451   67    4 1038    6    3    9]
 [ 125   75    1   79   30    1    5]
 [  32    3    0    3    0  163    6]
 [  25   10    0   15    0    2  184]]
Macro Precision/Recall/F-score:  (0.7553875300187386, 0.6689127399889001, 0.6885777021489462, None)


epoch 7/30
Accuracy:  0.7459997480156231
Confusion Metric: 
 [[2914  190    6  376   28    7   23]
 [ 247 1327   26  108    9    4   12]
 [  18   63  238    2    1    1    0]
 [ 444   56    4 1054    9    3    8]
 [ 130   67    1   79   34    1    4]
 [  30    2    0    2    0  168    5]
 [  26    8    0   13    0    3  186]]
Macro Precision/Recall/F-score:  (0.7356933316760148, 0.6714371246552407, 0.6891331640605832, None)


epoch 8/30
Accuracy:  0.7429759354919995
Confusion Metric: 
 [[2935  152    6  400   23    6   22]
 [ 293 1256   23  133   15    4    9]
 [  20   59  239    2    2    1    0]
 [ 419   49    4 1083   11    3    9]
 [ 130   56    1   88   36    1    4]
 [  34    1    0    4    0  162    6]
 [  26    3    0   18    1    2  186]]
Macro Precision/Recall/F-score:  (0.7374795494247716, 0.6662618912120365, 0.6878850410448074, None)


epoch 9/30
Accuracy:  0.7425979589265466
Confusion Metric: 
 [[2846  229    6  411   28    6   18]
 [ 221 1355   18  112   17    4    6]
 [  19   65  234    3    1    1    0]
 [ 413   64    4 1075   12    3    7]
 [ 122   67    1   82   39    1    4]
 [  33    1    0    4    0  163    6]
 [  28    7    0   17    0    2  182]]
Macro Precision/Recall/F-score:  (0.7393061079276233, 0.6675246562411863, 0.6907670704897375, None)


epoch 10/30
Accuracy:  0.7420939901726094
Confusion Metric: 
 [[2877  322    8  261   52    9   15]
 [ 147 1457   20   79   22    2    6]
 [  12   69  235    4    2    1    0]
 [ 526   99    4  905   33    3    8]
 [ 106   80    1   56   69    1    3]
 [  31    1    0    3    1  166    5]
 [  33    9    0    9    1    3  181]]
Macro Precision/Recall/F-score:  (0.7373010298730794, 0.6772620126770535, 0.7009661422052617, None)


epoch 11/30
Accuracy:  0.7264709588005543
Confusion Metric: 
 [[2959  356    9  136   58    9   17]
 [ 145 1506   23   39   12    2    6]
 [  13   72  233    3    1    1    0]
 [ 722  137    3  658   47    2    9]
 [ 120   92    1   32   65    1    5]
 [  32    3    0    2    1  163    6]
 [  34   11    1    4    1    3  182]]
Macro Precision/Recall/F-score:  (0.7290784366419961, 0.658087651568356, 0.6805743510505529, None)


epoch 12/30
Accuracy:  0.7374322791986897
Confusion Metric: 
 [[2717  283    8  379  126   12   19]
 [ 144 1427   18   82   53    2    7]
 [  13   66  236    4    3    1    0]
 [ 403   91    3 1012   57    4    8]
 [  87   64    1   55  105    2    2]
 [  18    2    0    4    1  176    6]
 [  24    7    1   14    8    2  180]]
Macro Precision/Recall/F-score:  (0.723251233879821, 0.7010393725825147, 0.7104104936409773, None)


epoch 13/30
Accuracy:  0.7277308806853975
Confusion Metric: 
 [[2573  196    9  662   69   12   23]
 [ 184 1338   20  126   52    4    9]
 [  14   60  239    5    4    1    0]
 [ 299   50    4 1189   26    1    9]
 [  83   57    1   89   80    2    4]
 [  18    2    0   10    1  169    7]
 [  16    5    1   18    5    3  188]]
Macro Precision/Recall/F-score:  (0.7186474422436042, 0.6939586722694174, 0.7022801196740731, None)


epoch 14/30
Accuracy:  0.7472596699004662
Confusion Metric: 
 [[2885  251    6  275   84   16   27]
 [ 176 1402   17   74   52    3    9]
 [  13   65  235    5    4    1    0]
 [ 483   82    4  948   50    3    8]
 [ 100   59    1   52   98    1    5]
 [  22    2    0    1    1  177    4]
 [  22    6    1   13    5    3  186]]
Macro Precision/Recall/F-score:  (0.7275447746854103, 0.7006718464207558, 0.7121927711698847, None)


epoch 15/30
Accuracy:  0.7394481542144387
Confusion Metric: 
 [[3009  210    6  180  104   14   21]
 [ 223 1347   18   58   74    4    9]
 [  14   65  234    3    6    1    0]
 [ 604   74    4  812   67    4   13]
 [ 111   52    1   41  106    1    4]
 [  24    2    0    0    1  176    4]
 [  29    6    1    8    4    3  185]]
Macro Precision/Recall/F-score:  (0.7262324843633694, 0.6907031422688805, 0.7038210126071726, None)


epoch 16/30
Accuracy:  0.7407080760992818
Confusion Metric: 
 [[2998  201    6  204   96   15   24]
 [ 237 1335   17   57   74    4    9]
 [  14   65  235    3    5    1    0]
 [ 597   65    4  847   46    4   15]
 [ 115   51    1   47   97    1    4]
 [  23    2    0    0    1  177    4]
 [  25    5    0    7    6    3  190]]
Macro Precision/Recall/F-score:  (0.7252840006070171, 0.692529435092581, 0.70515423474217, None)


epoch 17/30
Accuracy:  0.7370543026332368
Confusion Metric: 
 [[2983  192    7  235   85   16   26]
 [ 247 1315   17   62   77    4   11]
 [  13   63  238    3    5    1    0]
 [ 589   69    4  851   50    4   11]
 [ 117   47    1   45  100    1    5]
 [  23    1    0    1    1  178    3]
 [  24    6    1    9    6    5  185]]
Macro Precision/Recall/F-score:  (0.7206962636880828, 0.6909848267327907, 0.7028030658285848, None)


epoch 18/30
Accuracy:  0.7400781151568603
Confusion Metric: 
 [[2829  259    5  331   86   14   20]
 [ 180 1388   17   77   57    5    9]
 [  16   66  231    5    4    1    0]
 [ 456   77    5  978   50    2   10]
 [ 103   60    1   59   89    1    3]
 [  23    1    0    3    1  175    4]
 [  22    7    1   14    4    4  184]]
Macro Precision/Recall/F-score:  (0.721985740999137, 0.6915475964500672, 0.7050490207058013, None)


epoch 19/30
Accuracy:  0.7258409978581328
Confusion Metric: 
 [[2589  264    4  526  116   21   24]
 [ 139 1382   20  103   75    5    9]
 [  14   70  229    5    4    1    0]
 [ 345   71    4 1096   51    4    7]
 [  76   54    1   73  106    2    4]
 [  16    2    0    3    1  180    5]
 [  16    8    0   19    8    6  179]]
Macro Precision/Recall/F-score:  (0.7065330380135927, 0.6992861067749284, 0.7002529375518546, None)


epoch 20/30
Accuracy:  0.73919616983747
Confusion Metric: 
 [[2917  236    6  257   92   13   23]
 [ 169 1389   21   75   65    3   11]
 [  12   66  235    3    6    1    0]
 [ 566   77    4  876   44    3    8]
 [ 105   55    1   55   94    1    5]
 [  28    2    0    4    1  168    4]
 [  22    7    1   11    3    4  188]]
Macro Precision/Recall/F-score:  (0.7211400902233862, 0.687563076980043, 0.7019947327525463, None)


epoch 21/30
Accuracy:  0.7269749275544917
Confusion Metric: 
 [[3159  137    5  128   74   14   27]
 [ 336 1251   22   48   62    4   10]
 [  23   57  235    2    5    1    0]
 [ 763   74    4  671   50    5   11]
 [ 132   48    1   36   92    1    6]
 [  31    1    0    0    0  172    3]
 [  29    2    1    7    3    4  190]]
Macro Precision/Recall/F-score:  (0.7255415741747947, 0.6704504455388095, 0.6885264587355644, None)


epoch 22/30
Accuracy:  0.7371802948217211
Confusion Metric: 
 [[2810  218    6  367  107   13   23]
 [ 200 1337   20   81   78    5   12]
 [  16   63  236    3    4    1    0]
 [ 428   68    4 1009   57    4    8]
 [  92   52    1   66   97    1    7]
 [  23    4    0    4    1  171    4]
 [  19    4    1   11    6    4  191]]
Macro Precision/Recall/F-score:  (0.7143306024210302, 0.6966888661077812, 0.7042989500724486, None)


epoch 23/30
Accuracy:  0.7397001385914074
Confusion Metric: 
 [[2848  226    4  336   92   13   25]
 [ 207 1358   19   67   67    3   12]
 [  15   67  233    3    4    1    0]
 [ 454   82    5  976   48    4    9]
 [  96   55    1   61   96    1    6]
 [  26    3    0    3    1  169    5]
 [  16    6    1   13    5    4  191]]
Macro Precision/Recall/F-score:  (0.7188344518779403, 0.6938050370562169, 0.704731075667998, None)


epoch 24/30
Accuracy:  0.7425979589265466
Confusion Metric: 
 [[2925  224    4  278   75   12   26]
 [ 217 1373   20   60   48    4   11]
 [  16   66  233    3    4    1    0]
 [ 510   96    5  912   40    4   11]
 [ 104   61    1   53   89    1    7]
 [  24    4    0    2    1  172    4]
 [  19    6    1   12    3    5  190]]
Macro Precision/Recall/F-score:  (0.7228785622254451, 0.690651933027208, 0.7041048706170334, None)


epoch 25/30
Accuracy:  0.7332745369787074
Confusion Metric: 
 [[2945  168    4  290  105   13   19]
 [ 272 1246   20   84   97    4   10]
 [  20   65  229    3    5    1    0]
 [ 525   52    3  932   54    4    8]
 [ 115   39    1   53  103    1    4]
 [  24    1    0    3    1  174    4]
 [  20    3    0   13    5    4  191]]
Macro Precision/Recall/F-score:  (0.7233518276128162, 0.6893452628550708, 0.7036228956902837, None)


epoch 26/30
Accuracy:  0.7349124354290034
Confusion Metric: 
 [[2783  223    6  378  109   16   29]
 [ 195 1352   23   69   79    5   10]
 [  14   66  235    3    4    1    0]
 [ 434   74    5  994   58    4    9]
 [  90   53    1   62  103    2    5]
 [  20    2    0    3    1  177    4]
 [  14    6    1   16    6    4  189]]
Macro Precision/Recall/F-score:  (0.7093515170999118, 0.700679379623525, 0.703862909037246, None)


epoch 27/30
Accuracy:  0.7414640292301877
Confusion Metric: 
 [[2832  219    4  387   57   15   30]
 [ 219 1370   23   73   36    2   10]
 [  17   63  235    3    4    1    0]
 [ 448   81    5 1010   23    4    7]
 [ 100   65    1   72   70    2    6]
 [  19    2    0    2    1  179    4]
 [  15    6    1   18    2    5  189]]
Macro Precision/Recall/F-score:  (0.7207157400493295, 0.6920484754659845, 0.7028716912882266, None)


epoch 28/30
Accuracy:  0.7384402167065642
Confusion Metric: 
 [[2837  231    6  354   77   16   23]
 [ 207 1379   23   65   47    3    9]
 [  16   58  241    3    4    1    0]
 [ 478   87    5  960   37    4    7]
 [ 102   63    1   60   84    2    4]
 [  19    3    0    2    1  178    4]
 [  19    7    1   18    4    5  182]]
Macro Precision/Recall/F-score:  (0.7185047806820931, 0.6925207865494144, 0.7040529343199958, None)


epoch 29/30
Accuracy:  0.7360463651253623
Confusion Metric: 
 [[2822  220    7  372   75   19   29]
 [ 218 1366   19   69   46    5   10]
 [  17   66  232    3    4    1    0]
 [ 453   95    5  974   38    4    9]
 [ 107   63    1   60   77    1    7]
 [  18    2    0    3    1  178    5]
 [  15    5    1   16    2    4  193]]
Macro Precision/Recall/F-score:  (0.7100552239298826, 0.6916254344493707, 0.698747389758725, None)

time=1232, best_epoch:  14 0.7121927711698847 0.7472596699004662


valid f1:  0.7094171254638884 [0.7049971969134345, 0.7110614083083459, 0.7121927711698847]
valid acc: 0.7486035865776323 [0.7448658183192642, 0.7536852715131662, 0.7472596699004662]
